# g (pot) init_en fin_en
0.0001 -5.83642404922632e-09 -8.49224629085876e-09
0.001 -5.83642433106349e-08 -3.22196844441791e-07
0.01 -5.83642435924721e-07 -2.17516699204596e-05
0.03 -1.75092730840047e-06 -0.000136044421959486
0.05 -2.91821218087622e-06 -0.000314043338590651
#0.07 -4.08549705335196e-06 -0.000536724249626908
#0.09 -5.25278192582769e-06 -0.000812445854068955
0.1 -5.83642436206559e-06 -0.000967120038433889
0.3 -1.7509273086823e-05 -0.00479956616600776
1.0 -5.83642436234742e-05 -0.0210852903594208
