# F/F_1s                    F      cut_timestep
0.01        3.731921925925926e-09     80000
0.02        7.463843851851853e-09    100000
0.03       1.1195765777777778e-08    400000
0.04       1.4927687703703706e-08    100000
0.05        1.865960962962963e-08    100000
0.06       2.2391531555555555e-08    100000
0.07       2.6123453481481483e-08    100000
0.08        2.985537540740741e-08     50000
0.09        3.358729733333333e-08     50000
0.1         3.731921925925926e-08     50000
0.11        4.105114118518519e-08     50000
0.12        4.478306311111111e-08     30000
0.13        4.851498503703704e-08     30000
0.2         7.463843851851852e-08     20000
0.3        1.1195765777777778e-07     20000
0.4        1.4927687703703704e-07     15000
0.5         1.865960962962963e-07     10000
0.6        2.2391531555555555e-07     10000
0.7         2.612345348148148e-07     10000
