# Fix print output for fix posit_out
0 0 0.368438170099331 2.24230870901472e-09 0.119822729753457 1.03231961564325e-09
1000 50000 0.387101894558205 2.92969093097464e-07 0.122045557395949 8.20942173654253e-08
2000 100000 0.399210448898364 2.04980666621224e-07 0.126470921006298 8.91679746486534e-08
3000 150000 0.408344911168938 1.64833753582946e-07 0.1307342261558 8.07796136740341e-08
4000 200000 0.415980790497309 1.42350601153081e-07 0.13453170692061 7.11425766600848e-08
5000 250000 0.42271729039578 1.2831353782967e-07 0.137882938390791 6.35138874235196e-08
6000 300000 0.428961626356318 1.23348963483161e-07 0.140950585441229 5.98932314459944e-08
7000 350000 0.435237984978152 1.29265704954533e-07 0.14396534405347 6.18390642394944e-08
8000 400000 0.441988467819885 1.40583570352782e-07 0.14718807879947 6.70330789415894e-08
9000 450000 0.449192211579418 1.47138094682284e-07 0.150644873273357 7.11162206998874e-08
10000 500000 0.456664118075877 1.51714756422426e-07 0.15428521271134 7.45014173496928e-08
11000 550000 0.464356549534988 1.54812993489289e-07 0.158102548601754 7.77637590595376e-08
12000 600000 0.472060003633757 1.53895485969214e-07 0.161986682466358 7.70225597046863e-08
13000 650000 0.479816734528231 1.5642755852835e-07 0.165799253633311 7.61340503977439e-08
14000 700000 0.487736468909319 1.61241412491453e-07 0.169659242234847 7.81833970614559e-08
15000 750000 0.495912773888367 1.63792802898065e-07 0.173509416225849 7.44982445431813e-08
16000 800000 0.50395060159467 1.57287890953646e-07 0.177129838760079 7.09434385010678e-08
17000 850000 0.511542360665346 1.4522333018895e-07 0.180601053415294 6.79538181161773e-08
18000 900000 0.518519663119546 1.35733475293258e-07 0.18395251323119 6.63034877888154e-08
19000 950000 0.52528004707131 1.35740801511259e-07 0.187204310198643 6.32168931820676e-08
20000 1000000 0.532178091052546 1.4067563186816e-07 0.190278000118071 6.08251757653394e-08
21000 1050000 0.539323421549325 1.44446130847256e-07 0.193435334036769 6.65926494516644e-08
22000 1100000 0.546582311277943 1.45507313980289e-07 0.197018308562913 7.6708909756497e-08
23000 1150000 0.553880391089593 1.45606249892587e-07 0.201037316693845 8.24131702255593e-08
24000 1200000 0.561024092031757 1.39205068139155e-07 0.205064456544129 7.74133185139403e-08
25000 1250000 0.567720938823539 1.28952340702602e-07 0.208751037226822 7.09682618616948e-08
26000 1300000 0.574058864654686 1.25113087571049e-07 0.212317108532592 7.2059150920549e-08
27000 1350000 0.580099479123965 1.16335979163886e-07 0.215819338600905 6.78838113721661e-08
28000 1400000 0.585837634297531 1.14845266062695e-07 0.219249784152205 7.04932673364284e-08
29000 1450000 0.59171403014999 1.2086171992077e-07 0.222887425014924 7.49705501330561e-08
30000 1500000 0.597885223828935 1.23953743788466e-07 0.226741817180772 7.81226080451063e-08
31000 1550000 0.603880096677744 1.15469059925227e-07 0.230539598270251 7.32047171831108e-08
32000 1600000 0.609522078231956 1.11193208213167e-07 0.234100306965931 6.98486920351218e-08
33000 1650000 0.615033993982868 1.09106308654638e-07 0.237550415647021 6.814273482341e-08
34000 1700000 0.620504542203772 1.1041939895091e-07 0.240985120647377 6.9928951133985e-08
35000 1750000 0.626000480207318 1.09087935957128e-07 0.24448718014844 6.96746572192916e-08
36000 1800000 0.631486778082242 1.10532170834232e-07 0.248001047554597 7.10627128114426e-08
37000 1850000 0.637129756448483 1.16519941394303e-07 0.25164025454699 7.5264824716165e-08
38000 1900000 0.643146637774696 1.23307097256278e-07 0.255491028405188 7.77661411414182e-08
39000 1950000 0.649432517851011 1.27951649790626e-07 0.259384061958408 7.76059082671974e-08
40000 2000000 0.655843599352422 1.26481935927543e-07 0.263186379840383 7.381772664391e-08
41000 2050000 0.661986523295316 1.18834880611137e-07 0.266765579255649 6.90498301646218e-08
42000 2100000 0.667768833816707 1.13296033829988e-07 0.270079831348857 6.40216739921746e-08
43000 2150000 0.67331326740071 1.09321251855698e-07 0.273202802151044 6.19848718318489e-08
44000 2200000 0.678896591357784 1.15865220908647e-07 0.276398807469976 6.65439043766391e-08
45000 2250000 0.684818799706187 1.19155367459707e-07 0.279764799093863 6.68215373753838e-08
46000 2300000 0.690839114842284 1.22557548768573e-07 0.283111758416813 6.77910155443527e-08
47000 2350000 0.697073548446524 1.25899628720634e-07 0.286531539460315 6.8623579997319e-08
48000 2400000 0.703417885648834 1.29469646559551e-07 0.290065954791281 7.42899055678208e-08
49000 2450000 0.710237426625018 1.44523280394161e-07 0.29405596232988 8.4939370433125e-08
50000 2500000 0.717809294376732 1.57116587295026e-07 0.298440976408844 9.050789031363e-08
51000 2550000 0.725768008331778 1.59045436658573e-07 0.303124096978691 9.48736337263729e-08
52000 2600000 0.733594350824708 1.53988112194941e-07 0.30775395966985 8.97457376830979e-08
53000 2650000 0.741143440013015 1.47289917824369e-07 0.3120708358026 8.31599909047313e-08
54000 2700000 0.748296020703098 1.38765211391384e-07 0.316181434063388 8.19201739857995e-08
55000 2750000 0.755131595051325 1.35544062149132e-07 0.320290998434694 8.20156278894801e-08
56000 2800000 0.761814828876839 1.30387176691899e-07 0.324326476935301 7.90958852227835e-08
57000 2850000 0.768118607948303 1.22742837397267e-07 0.328189747296076 7.57627343752842e-08
58000 2900000 0.774166777976584 1.18378178025221e-07 0.331927119821684 7.33057371519639e-08
59000 2950000 0.77988156979763 1.10678869959242e-07 0.335521682675893 7.10742444846531e-08
60000 3000000 0.785290907344067 1.04911057100116e-07 0.339055975803546 6.96288314777219e-08
61000 3050000 0.790280803618586 9.50803541115048e-08 0.342397716844039 6.40377599141858e-08
62000 3100000 0.794928788487803 9.26590106423427e-08 0.345538971250913 6.28146104603207e-08
63000 3150000 0.79973085192386 1.00446463227427e-07 0.348787611469077 6.74620738614066e-08
64000 3200000 0.805015605859306 1.11053184053272e-07 0.352270828119218 7.14796162914624e-08
65000 3250000 0.810785895250704 1.18941382688752e-07 0.355905560927256 7.42578715463749e-08
66000 3300000 0.816694317630188 1.14626606309453e-07 0.359627941874701 7.31579291440694e-08
67000 3350000 0.822280679316872 1.11312171700956e-07 0.363248435649722 7.30337790921362e-08
68000 3400000 0.828027285403631 1.18397762671879e-07 0.367038471569219 7.83653745626357e-08
69000 3450000 0.833866934797537 1.13458829128386e-07 0.370899431630755 7.46152696908331e-08
70000 3500000 0.839394669757916 1.08293063111946e-07 0.374511254576388 7.04127056966727e-08
71000 3550000 0.84479720587656 1.09546889958317e-07 0.378006285258539 7.04899518650947e-08
72000 3600000 0.850500456672276 1.18596458828145e-07 0.381656461597343 7.52793787302924e-08
73000 3650000 0.85658790520294 1.24159060004883e-07 0.385473837243626 7.72490393500289e-08
74000 3700000 0.862854033069154 1.26154324496406e-07 0.389355492883045 7.76123984453216e-08
75000 3750000 0.869115092126513 1.23043256891906e-07 0.393167044282402 7.41624951952891e-08
76000 3800000 0.875105155659712 1.16386208148602e-07 0.396771836666338 7.0396041364899e-08
77000 3850000 0.880800285839797 1.11967598513959e-07 0.40024420792364 6.87735399033924e-08
78000 3900000 0.886327323238431 1.09142374615474e-07 0.403652041586131 6.71989786999648e-08
79000 3950000 0.891799356452163 1.10621751897162e-07 0.406999369603159 6.72470040786273e-08
80000 4000000 0.897388427600385 1.13761472494079e-07 0.410342907711607 6.64553876151026e-08
81000 4050000 0.903366347546875 1.25688756759346e-07 0.413683432922054 6.65076623948159e-08
82000 4100000 0.909677403506741 1.25657372892109e-07 0.417035745673748 6.89503879068327e-08
83000 4150000 0.916076847625933 1.31273541814666e-07 0.420688963905533 7.78177483395616e-08
84000 4200000 0.922733018814761 1.33624521021476e-07 0.424700898159402 8.02268588876607e-08
85000 4250000 0.929260661375679 1.27437823542524e-07 0.428518305928766 7.25355253695797e-08
86000 4300000 0.935646208454369 1.29919870164377e-07 0.432031314464089 6.89244564336041e-08
87000 4350000 0.941979566431798 1.19278866954249e-07 0.435399775314356 6.54007513838258e-08
88000 4400000 0.947689555903324 1.12127576789947e-07 0.438640461539221 6.49426510284748e-08
89000 4450000 0.953400754287464 1.1785386622456e-07 0.441950334703141 6.77963108152881e-08
90000 4500000 0.959525898614446 1.25620390828188e-07 0.445350834224943 6.64535923906985e-08
91000 4550000 0.965508938143338 1.13014971095382e-07 0.448549080288362 6.15304042832567e-08
92000 4600000 0.971118739754023 1.14313528426595e-07 0.451525867586965 5.80222795345541e-08
93000 4650000 0.977087676822055 1.24586745382741e-07 0.454448613361201 6.14168189587411e-08
94000 4700000 0.983347528278968 1.21600576710437e-07 0.457697512521833 6.55189825991423e-08
95000 4750000 0.989287389360533 1.17764002444905e-07 0.46097557146612 6.67023413212213e-08
96000 4800000 0.995227382577041 1.20715860683058e-07 0.464422493747829 7.14215140468085e-08
97000 4850000 1.00143229893514 1.2793023310019e-07 0.468101262138651 7.51049608496926e-08
98000 4900000 1.00805492503425 1.36341587559087e-07 0.471884460421953 7.62499937279186e-08
99000 4950000 1.01473296832393 1.28519694891497e-07 0.475683817319719 7.47027679301867e-08
100000 5000000 1.0209920751416 1.23188656722567e-07 0.479343398233603 7.16893241688781e-08
101000 5050000 1.02710133468913 1.20986806053886e-07 0.48280509409633 6.64853247742971e-08
102000 5100000 1.0330111812439 1.14716809731066e-07 0.486032999188889 6.34729826633446e-08
103000 5150000 1.03848813112383 1.03569833521075e-07 0.489138188779501 6.00587674384995e-08
104000 5200000 1.04333379836386 9.04573894722235e-08 0.491975824102711 5.31839013167093e-08
105000 5250000 1.04761001129049 8.15558027214009e-08 0.494505013084557 4.86694385134516e-08
106000 5300000 1.05159586260529 7.90999065166133e-08 0.496887371132273 4.67638948792274e-08
107000 5350000 1.05566738240892 8.54359875387352e-08 0.499183683716628 4.51763508778624e-08
108000 5400000 1.06021339153968 9.49876679677965e-08 0.501460137517838 4.7101416325915e-08
109000 5450000 1.06498298963652 9.51192285864165e-08 0.503959486208101 5.2399399538036e-08
110000 5500000 1.06972357142712 9.50346161213451e-08 0.506619385557387 5.35378654607989e-08
111000 5550000 1.07452852137123 9.67252676614077e-08 0.509323413233075 5.49731158828349e-08
112000 5600000 1.07939819519882 9.90963665910932e-08 0.512180618866157 6.01596576730877e-08
113000 5650000 1.08446495326371 1.02228031809621e-07 0.515348936817948 6.53019698313967e-08
114000 5700000 1.08951667143688 9.94453592932823e-08 0.518607934169602 6.47038585282861e-08
115000 5750000 1.09436608563006 9.48321062116348e-08 0.521775781310805 6.22076715621204e-08
116000 5800000 1.09908347658133 9.50061009076834e-08 0.524872712518532 6.19507503185871e-08
117000 5850000 1.10392397342287 9.774181362129e-08 0.527975054774267 6.17587422026516e-08
118000 5900000 1.10883613892553 9.98271665263047e-08 0.531090145589199 6.39510203683982e-08
119000 5950000 1.11386803855116 9.91919916309887e-08 0.534332889283704 6.37512633216221e-08
120000 6000000 1.11863017762866 9.13911204482058e-08 0.537357699662277 5.72003351006707e-08
121000 6050000 1.12304778768888 8.5751822313552e-08 0.540076313278726 5.18926103090014e-08
122000 6100000 1.1272496449606 8.28253354006401e-08 0.542561064198169 4.73750045147754e-08
123000 6150000 1.131428061978 8.52073482750932e-08 0.544823674211388 4.40332636363553e-08
124000 6200000 1.13576200531353 8.80417551187229e-08 0.547097456542773 4.75476769134298e-08
125000 6250000 1.14017110890385 8.74692189960927e-08 0.549583804329277 5.15922261258176e-08
126000 6300000 1.14454265035985 8.79867777919279e-08 0.552280521938153 5.65111710285385e-08
127000 6350000 1.14890570369921 8.64011505150362e-08 0.555143418045857 5.73524251713955e-08
128000 6400000 1.15328958186609 8.92895638119127e-08 0.558068914223585 5.98146817751775e-08
129000 6450000 1.15774884203101 8.83489399874706e-08 0.561021458116254 5.73983783557918e-08
130000 6500000 1.16209084562549 8.5069388916139e-08 0.563779301383924 5.28082890782418e-08
131000 6550000 1.16626676236241 8.21786151445075e-08 0.566324973644707 4.94247497058482e-08
132000 6600000 1.17034928010571 8.2063284772708e-08 0.568765672901264 4.88198603065153e-08
133000 6650000 1.17452830790161 8.54493407731121e-08 0.571251151779802 5.12095382358211e-08
134000 6700000 1.17889376951578 8.88556215513895e-08 0.573916288439758 5.48993707195302e-08
135000 6750000 1.18335632303072 8.97152506534832e-08 0.576584077591514 4.98626190004785e-08
136000 6800000 1.18800984272571 9.70389427669939e-08 0.578902908773017 4.57786620514355e-08
137000 6850000 1.19312548643176 1.08258359629006e-07 0.581449403067856 5.63622463884618e-08
138000 6900000 1.19877649092046 1.17240060236836e-07 0.584406907051325 6.10678357389862e-08
139000 6950000 1.20473309854574 1.1846821532563e-07 0.587500574813246 6.13412503314141e-08
140000 7000000 1.21060340987855 1.18879190912497e-07 0.590538887300025 6.16693459910778e-08
141000 7050000 1.21680309985766 1.28911928251528e-07 0.593738829660177 6.49100005393127e-08
142000 7100000 1.22330262684622 1.295967063913e-07 0.596859582988952 6.06214936312054e-08
143000 7150000 1.22987180031052 1.34693036196776e-07 0.59990604887558 6.23443484067188e-08
144000 7200000 1.23669317293404 1.36751082912651e-07 0.603077527560905 6.36261708889655e-08
145000 7250000 1.2435470814393 1.372318438676e-07 0.606264899035413 6.42747785388941e-08
146000 7300000 1.25036012751676 1.35277055928162e-07 0.60955587005721 6.71667526572785e-08
147000 7350000 1.2570622532089 1.3271534156599e-07 0.612884187932198 6.52145385805466e-08
148000 7400000 1.263578984605 1.26665594193762e-07 0.616030192970179 6.0090817496127e-08
149000 7450000 1.26962088378834 1.15608672158545e-07 0.618859819692657 5.37088792372125e-08
150000 7500000 1.27529111013494 1.12598905200954e-07 0.621528833055138 5.46794916999574e-08
151000 7550000 1.28090904265176 1.10294140232529e-07 0.624399165020757 5.86671124398354e-08
152000 7600000 1.28613969082169 9.93993442524958e-08 0.627215600426065 5.37883066859723e-08
153000 7650000 1.29097578918532 9.56224989243307e-08 0.629849098761802 5.26686133945423e-08
154000 7700000 1.29580996106537 9.63786062653857e-08 0.632560158899796 5.45769340059334e-08
155000 7750000 1.30044835215332 8.92032640873093e-08 0.635148559630592 4.89382723087143e-08
156000 7800000 1.30481352470547 8.61258568111584e-08 0.637525486171743 4.67883524943959e-08
157000 7850000 1.30909208894948 8.57136166856516e-08 0.639845535864076 4.62218944143654e-08
158000 7900000 1.31350827771914 9.16619689154019e-08 0.642184973385031 4.72377595359084e-08
159000 7950000 1.31825288052647 9.7683046949727e-08 0.644513945922031 4.5789676380977e-08
160000 8000000 1.32332812348741 1.0719403301123e-07 0.646880270692535 5.06527722539797e-08
161000 8050000 1.3290124862804 1.16101778067371e-07 0.649614472668417 5.64991596305086e-08
162000 8100000 1.33466630069446 1.10537979661424e-07 0.652437006335024 5.6995532489086e-08
163000 8150000 1.34014763578343 1.0892015844273e-07 0.655313953577027 5.74146103709904e-08
164000 8200000 1.34552537815918 1.06331683895621e-07 0.658143286892671 5.63359789643349e-08
165000 8250000 1.35087263342563 1.08271475655355e-07 0.66103970272038 5.99028527862008e-08
166000 8300000 1.35630871709983 1.0835658175213e-07 0.664078244641768 6.06130219265673e-08
167000 8350000 1.36170733771225 1.07785371498149e-07 0.667030069506898 5.73332373627396e-08
168000 8400000 1.36700128424301 1.04439644606277e-07 0.669762723904943 5.21827210017799e-08
169000 8450000 1.37229104503735 1.07832268972623e-07 0.672283490152712 4.85338737178957e-08
170000 8500000 1.37779886469278 1.11781430506623e-07 0.67468786978429 4.88390065734881e-08
171000 8550000 1.38333381532978 1.09635104116088e-07 0.677197177596501 5.14484117791087e-08
172000 8600000 1.38876297101217 1.06916101024105e-07 0.679802860199356 5.22305953846265e-08
173000 8650000 1.3940818171059 1.06977428334954e-07 0.682411388439828 5.24574477382545e-08
174000 8700000 1.39947382995705 1.08643164471448e-07 0.6850911307349 5.54335681269231e-08
175000 8750000 1.40480729538968 1.02257564117518e-07 0.687877424352069 5.42834260990394e-08
176000 8800000 1.40972087646306 9.6336802305476e-08 0.690533559003795 5.34471799157321e-08
177000 8850000 1.41459742047046 9.94629964538872e-08 0.693327171180498 5.81766062086253e-08
178000 8900000 1.4196524065777 1.00252373030613e-07 0.696275353297085 5.81691905975414e-08
179000 8950000 1.42445173892488 9.17015433239301e-08 0.699102704702402 5.53588453521676e-08
180000 9000000 1.42884491218481 8.41645767598985e-08 0.7018035839249 5.23994228473048e-08
181000 9050000 1.43291963043245 7.91538015653311e-08 0.704350308872184 4.94680453254422e-08
182000 9100000 1.43676886863484 7.38638153869659e-08 0.706758987058762 4.63814449122197e-08
183000 9150000 1.44029315243431 6.81958753375274e-08 0.708996661367281 4.38675847829657e-08
184000 9200000 1.44370011734579 6.86995680755204e-08 0.711218189176688 4.54805058389343e-08
185000 9250000 1.44712868856194 6.7379460835389e-08 0.713512464307942 4.5126343205116e-08
186000 9300000 1.45042054040389 6.5079414005781e-08 0.715672541666486 4.15378506094076e-08
187000 9350000 1.45375198504502 6.9352469004278e-08 0.71773357389513 4.18218917413685e-08
188000 9400000 1.45733816910442 7.25849371310483e-08 0.719878598353232 4.33501006299172e-08
189000 9450000 1.46090615681251 6.98470870361849e-08 0.722029403374766 4.2707771390721e-08
190000 9500000 1.46433255544013 6.73559532102225e-08 0.724159071897487 4.24369446088627e-08
191000 9550000 1.46769108675384 6.76437703722151e-08 0.726293091666208 4.33443314199008e-08
192000 9600000 1.47108369334655 6.71793448590459e-08 0.728473303885706 4.30005374587757e-08
193000 9650000 1.47436099525321 6.41076691037607e-08 0.730545818488568 4.00309366600013e-08
194000 9700000 1.47755442007805 6.42728785904493e-08 0.732525616367892 3.97230776155014e-08
195000 9750000 1.48081989659116 6.63511718207608e-08 0.734543782039816 4.09159888910133e-08
196000 9800000 1.48415259257996 6.65908019286319e-08 0.736559815840899 3.89364422559796e-08
197000 9850000 1.48749773817239 6.73828166876571e-08 0.738412375292051 3.55707690257902e-08
198000 9900000 1.49083791015921 6.56417856005259e-08 0.740179087486037 3.53828721432753e-08
199000 9950000 1.49403977534686 6.24655046780795e-08 0.741943851114317 3.51324046830259e-08
200000 10000000 1.49710585136419 6.02996772094073e-08 0.743704632044858 3.53199411666494e-08
# Fix print output for fix posit_out
200000 10000000 1.49710585136419 6.02996772094073e-08 0.743704632044858 3.53199411666494e-08
201000 10050000 1.50008463722684 5.89032900699073e-08 0.745477095585716 3.56476283722401e-08
202000 10100000 1.50294718321437 5.55461618894011e-08 0.747230466016887 3.42483957211894e-08
203000 10150000 1.50570815902396 5.50581887913151e-08 0.748929243489778 3.36934653156073e-08
204000 10200000 1.50835134579314 5.04844625850474e-08 0.75051532766741 2.95993132019721e-08
205000 10250000 1.51078165863295 4.66662704127084e-08 0.751922878779303 2.68463065440788e-08
206000 10300000 1.51301622273213 4.30294903730012e-08 0.753197161655002 2.4151867615954e-08
207000 10350000 1.51514349347777 4.28680591701513e-08 0.754357906821104 2.26611358026057e-08
208000 10400000 1.51741108191883 4.90953319856558e-08 0.755538151722058 2.579179666826e-08
209000 10450000 1.52005714891633 5.46526447231475e-08 0.756994448130841 3.11077135404501e-08
210000 10500000 1.52268217878696 4.99671654255326e-08 0.758475717086644 2.77488819698281e-08
211000 10550000 1.52508509930113 4.67331792659625e-08 0.759803082753357 2.582735506297e-08
212000 10600000 1.5274400127671 4.85452740900267e-08 0.761117019919837 2.74927521480045e-08
213000 10650000 1.52998743141367 5.26973147579717e-08 0.762574037775903 2.97683376145413e-08
214000 10700000 1.53271039638008 5.71279485043707e-08 0.764024865303995 2.84232240222957e-08
215000 10750000 1.5357482275491 6.41268856880643e-08 0.765462221169732 3.00328489764365e-08
216000 10800000 1.5391123023216 7.06721975443888e-08 0.767126171240533 3.66859644059614e-08
217000 10850000 1.54274873062358 7.30481416432106e-08 0.769069334881414 4.04025962279196e-08
218000 10900000 1.5463254945233 6.87975234099482e-08 0.771149113057288 4.19625093609277e-08
219000 10950000 1.54954912822832 6.04344243966235e-08 0.773170099006471 3.85060108473126e-08
220000 11000000 1.55242564675689 5.52170479700129e-08 0.774995998108046 3.46911591573085e-08
221000 11050000 1.55513457471182 5.3849391374649e-08 0.776667248469544 3.25004048810599e-08
222000 11100000 1.55786902604306 5.55384832741248e-08 0.778278630156493 3.22478184870763e-08
223000 11150000 1.56062378050714 5.4572520594514e-08 0.779909616492753 3.30566729685231e-08
224000 11200000 1.56335613745819 5.39272100193624e-08 0.781570502169336 3.2395501225289e-08
225000 11250000 1.56600397219516 5.28207112049086e-08 0.783102941696819 2.92586299870897e-08
226000 11300000 1.56870804263559 5.57666412703499e-08 0.7845687600019 3.040363896984e-08
227000 11350000 1.57157170372508 5.73568086511155e-08 0.786182640534087 3.32243078424937e-08
228000 11400000 1.5744305107841 5.74971438364408e-08 0.787885101860742 3.50931409225579e-08
229000 11450000 1.57737609808987 6.12345872444611e-08 0.789683456962254 3.71341446959981e-08
230000 11500000 1.58059424386544 6.68986969610584e-08 0.79158472382233 3.80163002751668e-08
231000 11550000 1.58401128790474 6.92595828641327e-08 0.793481461505272 3.93397526333581e-08
232000 11600000 1.5874745958598 6.94121484623358e-08 0.795626517143302 4.61088496200273e-08
233000 11650000 1.59100827241456 7.2440490828636e-08 0.798022853311163 4.91480186655692e-08
234000 11700000 1.5947187271473 7.59318976614818e-08 0.800502461776785 5.01055386512897e-08
235000 11750000 1.5985847417506 7.79798994346545e-08 0.803052132208515 5.16064345799188e-08
236000 11800000 1.60253708122859 7.99489478567148e-08 0.805694282570427 5.40768690104323e-08
237000 11850000 1.60641953423919 7.40932505419535e-08 0.808329324351195 4.99855697204537e-08
238000 11900000 1.60991052425053 6.62177417106581e-08 0.810617587234323 4.16838010613986e-08
239000 11950000 1.61315629625786 6.48456186715207e-08 0.812559775145158 3.70131474375067e-08
240000 12000000 1.61643003671845 6.50277080482499e-08 0.814462018079253 3.95171332867723e-08
241000 12050000 1.61954215700697 5.98531019281523e-08 0.816389280614343 3.70130645879435e-08
242000 12100000 1.62253340267685 6.12402907331941e-08 0.818207243660363 3.64795144136005e-08
243000 12150000 1.62578169985343 6.84863789720237e-08 0.820083755664511 3.80002201603299e-08
244000 12200000 1.62928090790155 7.13655498172236e-08 0.821909763124703 3.50514700209457e-08
245000 12250000 1.63290994320935 7.32504334477911e-08 0.82365318339818 3.51712166856822e-08
246000 12300000 1.63657568305331 7.32279520345909e-08 0.825470362636288 3.83055271459251e-08
247000 12350000 1.64026886745168 7.50344436720704e-08 0.827491566956322 4.19380542688895e-08
248000 12400000 1.64408812966126 7.74378560854693e-08 0.829639922491701 4.42378824833885e-08
249000 12450000 1.64802163896303 8.00498131355514e-08 0.831906064701865 4.57738431146466e-08
250000 12500000 1.65205811922082 8.07571644787672e-08 0.834146048964836 4.34929036337186e-08
251000 12550000 1.65600931684501 7.7214991396372e-08 0.836229162802233 3.97573195498882e-08
252000 12600000 1.65987188699148 7.86078205196936e-08 0.838141650075282 3.63326442675101e-08
253000 12650000 1.66395711403724 8.31044793182384e-08 0.839821023927227 3.17081307147034e-08
254000 12700000 1.66795014019111 7.64152859265597e-08 0.84147048431892 3.49180163554546e-08
255000 12750000 1.67171215076382 7.57426655279244e-08 0.843329609142414 3.95479113181597e-08
256000 12800000 1.67561278040177 7.99435163372124e-08 0.845435473763047 4.39062610093931e-08
257000 12850000 1.6796446180827 8.09746097735188e-08 0.847582087389192 4.14786696163622e-08
258000 12900000 1.68369222195971 8.07104689883066e-08 0.849636995463992 4.10203559241842e-08
259000 12950000 1.68777277681147 8.38084013592572e-08 0.851660644480521 3.99031377178571e-08
260000 13000000 1.69206327506909 8.56152082746527e-08 0.853641136696453 3.92871722981198e-08
261000 13050000 1.69625979245083 8.37216221254183e-08 0.855662411119139 4.30362402951441e-08
262000 13100000 1.70057854427058 8.85814851901479e-08 0.858039258011892 5.1246288441426e-08
263000 13150000 1.70506198053506 9.14763459253329e-08 0.860704513392673 5.56519883131345e-08
264000 13200000 1.70955574808444 8.61937933407737e-08 0.863449963378987 5.22807948522266e-08
265000 13250000 1.71370587393409 8.00282622436807e-08 0.865942363974961 4.77743740109179e-08
266000 13300000 1.71749298652184 7.12784635997801e-08 0.868196637122152 4.2174159362178e-08
267000 13350000 1.7208985117588 6.59265909454564e-08 0.87020836696519 3.9063728976494e-08
268000 13400000 1.72413652931482 6.30730035004094e-08 0.872134806405175 3.75682310694196e-08
269000 13450000 1.72718849808823 5.94494329190075e-08 0.873951533576004 3.53908621741722e-08
270000 13500000 1.73012576412692 5.85720956112749e-08 0.875709452410735 3.53845958781342e-08
271000 13550000 1.73315465705798 6.40888027278098e-08 0.877563585628716 3.96472162932681e-08
272000 13600000 1.73653851110253 6.97322591287317e-08 0.879658953443927 4.29746865971085e-08
273000 13650000 1.74004422246585 7.05160398322872e-08 0.88177981594205 4.1534460055237e-08
274000 13700000 1.74363382546169 7.36355082363491e-08 0.883812781717168 3.9870600267724e-08
275000 13750000 1.74736038931953 7.47844691236128e-08 0.885756224298299 3.83314682722532e-08
276000 13800000 1.75122336621042 8.19188385490218e-08 0.887749981662143 4.21865186193637e-08
277000 13850000 1.75562527836722 9.16491186206469e-08 0.889924353107589 4.25123505266281e-08
278000 13900000 1.76002735568906 8.21723641581358e-08 0.89187775958612 3.63627310554138e-08
279000 13950000 1.76382081571305 6.99552846139974e-08 0.893612244782942 3.34122097013418e-08
280000 14000000 1.76707535853302 6.14124284055005e-08 0.895232706673566 3.14593677192918e-08
281000 14050000 1.77007569043056 5.92313603696865e-08 0.896773496747607 3.01788042659764e-08
282000 14100000 1.77301544719865 5.8523891652132e-08 0.89821825094102 2.72627026812208e-08
283000 14150000 1.77593666767557 5.79622142019842e-08 0.899547018033604 2.70377919049609e-08
284000 14200000 1.7788276315043 5.78855208324418e-08 0.900975526794055 3.0163735645532e-08
285000 14250000 1.7817379392939 5.89692679439333e-08 0.902571727312007 3.38387992724983e-08
286000 14300000 1.78468027913048 5.75418123171986e-08 0.904310706443769 3.49325145419305e-08
287000 14350000 1.78751897910024 5.66605550038301e-08 0.906078317442799 3.60248231786675e-08
288000 14400000 1.79044308853035 6.1609773409405e-08 0.907969711849623 4.06238317690589e-08
289000 14450000 1.79375128707902 7.08178286886195e-08 0.910203631280751 4.87671927017195e-08
290000 14500000 1.79745343761569 7.60297862281501e-08 0.912769791069225 5.22593183792643e-08
291000 14550000 1.80131463628224 7.8052411260277e-08 0.915321291166251 4.92280891138813e-08
292000 14600000 1.80522521647014 7.87491697563845e-08 0.917679294123718 4.56954982091645e-08
293000 14650000 1.80919711369298 8.01513627160432e-08 0.91992810478751 4.40317515243242e-08
294000 14700000 1.81335205391621 8.72614564117626e-08 0.922062881541121 4.12872629163247e-08
295000 14750000 1.81779376192586 8.84033064444991e-08 0.924021442148466 3.66289717284435e-08
296000 14800000 1.82203618846363 8.06727982587857e-08 0.925770531036025 3.4227479354897e-08
297000 14850000 1.82590061506646 7.42682642423062e-08 0.927479796426671 3.37587665483995e-08
298000 14900000 1.82951549920023 7.13826422040859e-08 0.929121521016916 3.21035722734567e-08
299000 14950000 1.83302896811878 6.73610931563998e-08 0.930707190271357 3.12021838599562e-08
300000 15000000 1.83630605701312 6.56273439464536e-08 0.932321578651963 3.4202112988111e-08
301000 15050000 1.83964466440642 6.70396433162089e-08 0.934095278470758 3.54124103489039e-08
302000 15100000 1.84302634026948 6.91215062307158e-08 0.935820911235093 3.38564581645073e-08
303000 15150000 1.84657994322931 7.24300234142866e-08 0.937455624225867 3.14735787040498e-08
304000 15200000 1.85020272349362 7.2270334520345e-08 0.939060678965177 3.3067125350993e-08
305000 15250000 1.85384175803973 7.45664498571674e-08 0.940766804084978 3.60476381446997e-08
306000 15300000 1.85778629386803 8.41880516402231e-08 0.942780166310771 4.5235616073127e-08
307000 15350000 1.86221477210562 9.15620062526081e-08 0.945213089184224 5.02554227739605e-08
308000 15400000 1.86694750135158 9.94863715224897e-08 0.947728148503848 5.073693732764e-08
309000 15450000 1.87232210516251 1.13747348596148e-07 0.950334911001386 5.42857863501824e-08
310000 15500000 1.87787078130739 1.06465276481062e-07 0.953100305908752 5.496701413245e-08
311000 15550000 1.88297337421051 9.74513921158134e-08 0.955780109239672 5.16152326542094e-08
312000 15600000 1.88759912354188 8.80893916187773e-08 0.958206178365261 4.57902240170458e-08
313000 15650000 1.89185032509588 8.27573441072006e-08 0.960432142536974 4.4082365576412e-08
314000 15700000 1.89592029975704 7.97112993528521e-08 0.962656666122105 4.46073292586931e-08
315000 15750000 1.89975297133471 7.35314665492031e-08 0.964816364582429 4.13633026160735e-08
316000 15800000 1.9033055959756 6.89126996636677e-08 0.966798219018325 3.80647594390877e-08
317000 15850000 1.90669812300634 6.76802912304661e-08 0.968655457291524 3.68436259818798e-08
318000 15900000 1.91011612451495 6.81070787734436e-08 0.970514612471203 3.68544132956401e-08
319000 15950000 1.9134331289144 6.47589438646058e-08 0.972287838005175 3.42047301185483e-08
320000 16000000 1.91664143025368 6.42152096417418e-08 0.973959733896625 3.29313857400226e-08
321000 16050000 1.9199532121858 6.95589422967717e-08 0.975633132595467 3.48735896570551e-08
322000 16100000 1.92368110089919 7.86035807063791e-08 0.977497316194029 3.86960728452261e-08
323000 16150000 1.92770337923833 8.20882603791593e-08 0.979382369517532 3.59210711181816e-08
324000 16200000 1.93187011749865 8.36911960901831e-08 0.981058482332481 3.18435015581348e-08
325000 16250000 1.9359415820337 7.85307639101963e-08 0.982691560181911 3.42473766014029e-08
326000 16300000 1.93973299943192 7.36160632287693e-08 0.984442653737946 3.50876083352448e-08
327000 16350000 1.94340714297677 7.44861138519539e-08 0.986209380673381 3.61090222770298e-08
328000 16400000 1.94723578250151 7.84072551135252e-08 0.988088396924895 3.90281124113253e-08
329000 16450000 1.9511678261341 7.80287794042598e-08 0.990046754149321 3.83371648126339e-08
330000 16500000 1.95494284774631 7.2715306330083e-08 0.991833567286349 3.30130867046194e-08
331000 16550000 1.95848088090774 6.95448214467172e-08 0.993378289358814 2.91135700870536e-08
332000 16600000 1.96196125510017 7.02410912217152e-08 0.994768886140744 2.68182451986764e-08
333000 16650000 1.96554637704664 7.31716582870236e-08 0.996108257856147 2.74391170003967e-08
334000 16700000 1.96920347318731 7.18818289459333e-08 0.997566389452136 3.0744549561654e-08
335000 16750000 1.97274879772325 7.07760957036683e-08 0.999180143534038 3.38235073327413e-08
336000 16800000 1.97635470263776 7.43266102127359e-08 1.00095175908014 3.73809326516498e-08
337000 16850000 1.9800765809105 7.23352762202843e-08 1.00284289038227 3.66518813165555e-08
338000 16900000 1.98354221522723 6.77120764002551e-08 1.00455409602723 3.24567436538479e-08
339000 16950000 1.98698116670429 7.04927496484784e-08 1.00616519716137 3.26156961925001e-08
340000 17000000 1.99053135140112 7.03321819395429e-08 1.00781217214835 3.2724916338213e-08
341000 17050000 1.99402559375376 7.06167037665309e-08 1.00942915726514 3.22016917350519e-08
342000 17100000 1.99772671034787 7.77831301765948e-08 1.01104307055816 3.19045003165078e-08
343000 17150000 2.00167948210583 7.94722325075568e-08 1.01261190591107 3.1342261817474e-08
344000 17200000 2.0056391191705 7.78685312823235e-08 1.01420100738269 3.25479378140289e-08
345000 17250000 2.00936977917894 7.1515844482774e-08 1.01584087849363 3.20702243588944e-08
346000 17300000 2.01291953440187 7.16268642521845e-08 1.01730461430681 2.53236609667623e-08
347000 17350000 2.0164477259523 6.83967036445379e-08 1.01844063360634 2.28004096312533e-08
348000 17400000 2.01987619188835 7.0553988171015e-08 1.01974823218854 3.03105874552756e-08
349000 17450000 2.0234797798581 7.26546748877567e-08 1.0214156417898 3.45620905753783e-08
350000 17500000 2.02713853401406 7.39607237639516e-08 1.02314977588565 3.50624156503992e-08
351000 17550000 2.03089524502128 7.69413672485123e-08 1.02492973126037 3.57258107023274e-08
352000 17600000 2.03495265581792 8.21030507279882e-08 1.02667054454718 3.28446629750521e-08
353000 17650000 2.03862312327585 6.54699037777958e-08 1.0282066853101 2.82435379081034e-08
354000 17700000 2.04170826462892 5.92779678100657e-08 1.02951900720954 2.48066842060849e-08
355000 17750000 2.04463979596238 5.86809560530464e-08 1.03074348195011 2.44459944243897e-08
356000 17800000 2.04752567792351 5.60977867335685e-08 1.03190331562209 2.15397314383676e-08
357000 17850000 2.05027940712079 5.46795871790452e-08 1.03296829443705 2.21732208456877e-08
358000 17900000 2.05308721744548 5.7870098573236e-08 1.0341787363482 2.58538386199506e-08
359000 17950000 2.05590112104395 5.29736213925825e-08 1.03544211977392 2.39423746555871e-08
360000 18000000 2.05837394231178 4.67296766395363e-08 1.03658407464216 2.22268584265371e-08
361000 18050000 2.06065727595892 4.53281849999132e-08 1.03770682439938 2.29748032346759e-08
362000 18100000 2.06297597539006 4.82391273731449e-08 1.038902712118 2.50703206950014e-08
363000 18150000 2.06559441810713 5.74961690554557e-08 1.04025560348917 2.95886373852499e-08
364000 18200000 2.068574839649 5.83940321891917e-08 1.04177620260616 2.93788930280028e-08
365000 18250000 2.07130271263621 5.11127048741587e-08 1.04313945948708 2.54899950954363e-08
366000 18300000 2.07372947294471 4.64129033578598e-08 1.04433363770374 2.2208334414107e-08
367000 18350000 2.07599336268018 4.45581484004625e-08 1.04537191844067 1.96308832346504e-08
368000 18400000 2.07822412588195 4.47709411066186e-08 1.04633543849684 1.89441609421171e-08
369000 18450000 2.08043152143708 4.36904938373746e-08 1.04718340403818 1.42239883168536e-08
370000 18500000 2.08258934774277 4.17596042006563e-08 1.04779114605287 1.1251066907434e-08
371000 18550000 2.08459700829371 3.88826485199549e-08 1.04837047020306 1.20745313385389e-08
372000 18600000 2.08650116533874 3.74268227291578e-08 1.0490041803403 1.32492454665565e-08
373000 18650000 2.0883429847477 3.62362712687479e-08 1.04968640400113 1.39552887632941e-08
374000 18700000 2.09014035186002 3.60421821574075e-08 1.05040305200964 1.48722887957584e-08
375000 18750000 2.09200108666142 3.88668572269157e-08 1.05119821195325 1.71462644191576e-08
376000 18800000 2.09393755843102 3.72327927488045e-08 1.05204713349881 1.58335729844697e-08
377000 18850000 2.09574750300364 3.60374075845298e-08 1.05278418261003 1.40283263006771e-08
378000 18900000 2.09763975858441 4.0729877726597e-08 1.05348659539991 1.43547277284858e-08
379000 18950000 2.09990271893255 5.01039368707072e-08 1.05422939001749 1.55184423592242e-08
380000 19000000 2.10260572597865 5.65998082843672e-08 1.05508448489222 1.8632620382047e-08
381000 19050000 2.10542597496366 5.5652618217695e-08 1.05602538124293 1.88789442576197e-08
382000 19100000 2.1081618144647 5.40596843727661e-08 1.05696816175325 1.8338086236404e-08
383000 19150000 2.11087463355124 5.45748574795141e-08 1.05782563441567 1.59778365350916e-08
384000 19200000 2.11359859956937 5.41795636140943e-08 1.05857155070355 1.42401953522415e-08
385000 19250000 2.11630594473939 5.48710696943979e-08 1.05934610292779 1.72998916122426e-08
386000 19300000 2.11916140705369 5.91367103825798e-08 1.06030428002704 2.12986074563798e-08
387000 19350000 2.12212087317124 5.86281076163002e-08 1.0615169272438 2.68849500068473e-08
388000 19400000 2.12501795973594 5.74281011499514e-08 1.06293911552758 2.95314278820614e-08
389000 19450000 2.1278775761893 5.72512953963624e-08 1.06440510356237 2.87194875680085e-08
390000 19500000 2.1307474839437 5.70202129104757e-08 1.06579277935163 2.64518772463289e-08
391000 19550000 2.13351658957332 5.37733651941407e-08 1.06703405648549 2.36354241823103e-08
392000 19600000 2.13617585675952 5.291076472787e-08 1.06820973870207 2.34723470128464e-08
393000 19650000 2.13879938825152 5.18449105973487e-08 1.06934466439463 2.16836285609392e-08
394000 19700000 2.14136207953669 5.10235840594878e-08 1.07039517720674 2.07684329711937e-08
395000 19750000 2.14391863259035 5.10738061000509e-08 1.07143396479719 2.04975551325886e-08
396000 19800000 2.14648654874365 5.21213601589159e-08 1.07243093625112 1.94380499603165e-08
397000 19850000 2.1491572930304 5.44258729162618e-08 1.07338295459196 1.88822281942543e-08
398000 19900000 2.15188722038683 5.49879509537385e-08 1.07438968025554 2.20704200182128e-08
399000 19950000 2.1547196655447 5.91866131285178e-08 1.07562545139875 2.75348277476474e-08
400000 20000000 2.15785077263521 6.50441379000328e-08 1.07711484915515 3.07059264519859e-08
401000 20050000 2.16107160542235 6.2749110359664e-08 1.07854052547034 2.55894630129346e-08
402000 20100000 2.16406749705273 5.72180137624539e-08 1.07968854765138 2.09761132591758e-08
403000 20150000 2.16683552892829 5.35072150678592e-08 1.08069518530438 1.93904604155915e-08
404000 20200000 2.16933555127 4.60996374730217e-08 1.08159723788009 1.66770925033813e-08
405000 20250000 2.17148810499374 4.07253593491402e-08 1.0823855978566 1.50789290520752e-08
406000 20300000 2.17348036790748 3.96501089991368e-08 1.08312015680829 1.44100070541713e-08
407000 20350000 2.1755210413684 4.265453759353e-08 1.08384451806176 1.48628809842716e-08
408000 20400000 2.17779688084424 4.86365392196145e-08 1.08463723957873 1.71677898905062e-08
409000 20450000 2.18040871357673 5.62076138046902e-08 1.08560792343237 2.22832576067701e-08
410000 20500000 2.18342996789811 6.41930493788388e-08 1.08690947021487 2.94718714978063e-08
411000 20550000 2.18669725591132 6.48341640791739e-08 1.08844113576862 3.04022040579309e-08
412000 20600000 2.18980837825271 5.93449035438143e-08 1.0898568411847 2.57346212020971e-08
413000 20650000 2.19266913357106 5.57192864247096e-08 1.09097416261847 1.86298384099678e-08
414000 20700000 2.19535768048295 5.17268240284722e-08 1.09180228276964 1.62277896527901e-08
415000 20750000 2.19789206494095 4.98480754593676e-08 1.09267510662038 1.88452136331542e-08
416000 20800000 2.20034443724467 4.84857365713111e-08 1.0937025434452 2.241039171766e-08
417000 20850000 2.20276899323973 4.89581956245913e-08 1.09489320962004 2.47467531195943e-08
418000 20900000 2.20531536644341 5.33165773480686e-08 1.09615941811941 2.57751980089933e-08
419000 20950000 2.20811462093734 5.90778684504585e-08 1.09747143425807 2.7228931587231e-08
420000 21000000 2.21119289861484 6.35348109968362e-08 1.09893429192236 3.16230801286059e-08
421000 21050000 2.21446692686802 6.71915199161314e-08 1.10062926375584 3.56184795022365e-08
422000 21100000 2.21786432629972 6.80178624102706e-08 1.10244077529068 3.64097741355723e-08
423000 21150000 2.22124084001814 6.73873438350766e-08 1.10421901607394 3.45106367434069e-08
424000 21200000 2.22463941302692 6.86726119951861e-08 1.10592484572192 3.42313989075147e-08
425000 21250000 2.22804611768654 6.66238391478011e-08 1.10762640096145 3.3278009239554e-08
426000 21300000 2.23125081910036 6.15189816336575e-08 1.1092517984734 3.20047034523911e-08
427000 21350000 2.23424171940298 5.84963004466478e-08 1.11085847146577 3.24051967425349e-08
428000 21400000 2.23711938622633 5.70814399505518e-08 1.11248499907889 3.27310350585087e-08
429000 21450000 2.23993846833922 5.55459722007535e-08 1.11408950306426 3.10017404261093e-08
430000 21500000 2.24275227022079 5.79728275431705e-08 1.11563528682942 3.16100095105702e-08
431000 21550000 2.2457940446099 6.33694811666127e-08 1.11730608757364 3.52136390916196e-08
432000 21600000 2.24904094459914 6.76435755232447e-08 1.11912866065104 3.85057516625043e-08
433000 21650000 2.25268265128306 7.76967242972588e-08 1.1212359061019 4.54186298301162e-08
434000 21700000 2.25669445829505 8.14081327582436e-08 1.12359387360312 4.79892002902953e-08
435000 21750000 2.2607785801217 8.19341929361689e-08 1.12598973293553 4.77564149233737e-08
436000 21800000 2.26487580307582 8.14113185950684e-08 1.12838797517179 4.81481024705425e-08
437000 21850000 2.26881339365675 7.55277597485466e-08 1.1307146462881 4.39308871975226e-08
438000 21900000 2.2725089679459 7.3635441192035e-08 1.13274841212817 3.78751991117269e-08
439000 21950000 2.27624254023061 7.59210216920007e-08 1.13469677335626 4.20495685943491e-08
440000 22000000 2.27999287337353 7.50954990746298e-08 1.13691355170847 4.62034100023979e-08
441000 22050000 2.28387544922976 8.05156896380546e-08 1.13932423211392 4.98962419007863e-08
442000 22100000 2.28800886243129 8.30118970993722e-08 1.1418250120249 4.83305143998804e-08
443000 22150000 2.29207289617768 7.90542036550082e-08 1.14406696933278 4.20004791562081e-08
444000 22200000 2.29587322019648 7.32575001348196e-08 1.14613245798281 4.11769634059926e-08
445000 22250000 2.29948575579942 7.25324761395132e-08 1.14824291767571 4.40550659129717e-08
446000 22300000 2.30320890007331 7.60040891292907e-08 1.15057258978286 4.83684389998778e-08
447000 22350000 2.30707034200423 7.91544650476197e-08 1.15301900048563 4.9742421619979e-08
448000 22400000 2.31115882486717 8.41243685742348e-08 1.15557958338706 5.2876953312783e-08
449000 22450000 2.31532988790387 8.01688035432775e-08 1.15821584293531 5.0572940294569e-08
450000 22500000 2.31911588002539 7.22271431167162e-08 1.16058412971964 4.48084210120609e-08
451000 22550000 2.32260710510759 6.74896180942442e-08 1.16274403995924 4.18100977028427e-08
452000 22600000 2.32585653622611 6.27229503461272e-08 1.16475736419287 3.87953228713857e-08
453000 22650000 2.32894526358207 6.15827131107892e-08 1.16668196856505 3.89894383606465e-08
454000 22700000 2.33208327412585 6.50401477063297e-08 1.1686991523627 4.19717784657852e-08
455000 22750000 2.33548123969292 6.98637516946756e-08 1.17086166152349 4.36848064406596e-08
456000 22800000 2.339019773645 7.12131966322122e-08 1.17304934100014 4.40698306156944e-08
457000 22850000 2.34262961959461 7.35321245124046e-08 1.17531310274734 4.64787496012946e-08
458000 22900000 2.3462739706499 7.0785079219054e-08 1.17758954450669 4.34370019490417e-08
459000 22950000 2.34969604453161 6.68109556140322e-08 1.17965476987218 3.96779659603427e-08
460000 23000000 2.35301117264552 6.60084423871492e-08 1.18158924659457 3.76510016688529e-08
461000 23050000 2.35632091880606 6.67180063837473e-08 1.18341292799822 3.54654875895832e-08
462000 23100000 2.35965191470348 6.56595258185941e-08 1.1851344401774 3.3440510928087e-08
463000 23150000 2.36285691923669 6.29145192437334e-08 1.18681637728164 3.43265399456633e-08
464000 23200000 2.36597855879563 6.2143281429968e-08 1.18856947663436 3.56671763666199e-08
465000 23250000 2.36908428401283 6.22196355869536e-08 1.1903756488288 3.66103618025259e-08
466000 23300000 2.37223604075175 6.38487370392751e-08 1.19224034619375 3.7836720522053e-08
467000 23350000 2.37535866556617 6.01108526856659e-08 1.19409359871508 3.5817066628501e-08
468000 23400000 2.37825908701657 5.64226184564938e-08 1.19583767746676 3.43622823793322e-08
469000 23450000 2.38104674160631 5.51949781841068e-08 1.19756921229703 3.50207054676959e-08
470000 23500000 2.38373927904111 5.20793082895172e-08 1.19929711293613 3.34561345955561e-08
471000 23550000 2.38625766918593 4.9011033994442e-08 1.20089298524071 3.05577190009446e-08
472000 23600000 2.38869577755112 4.92694378551762e-08 1.20239732387129 3.03222885941934e-08
473000 23650000 2.39127333349524 5.42779604992635e-08 1.20401990685023 3.53016878073856e-08
474000 23700000 2.39406625579022 5.72782919131563e-08 1.20588351053549 3.87042354713615e-08
475000 23750000 2.39706137899894 6.31738682423377e-08 1.20791105756009 4.28859343284697e-08
476000 23800000 2.40021816020289 6.11373425823434e-08 1.21007251739075 4.22923859425898e-08
477000 23850000 2.40314458633363 5.64529403326485e-08 1.21211596657797 3.97780686752919e-08
478000 23900000 2.40594367741456 5.64191421473215e-08 1.2141190491778 4.13145140047973e-08
479000 23950000 2.40885726341693 6.0206971728221e-08 1.21633342713923 4.69987355435644e-08
480000 24000000 2.41190221977117 6.12864655271728e-08 1.21863842418765 4.41984665924193e-08
481000 24050000 2.41500448861804 6.29539595546989e-08 1.22079654470154 4.27402254654491e-08
482000 24100000 2.41817465005953 6.31711392280124e-08 1.22290375526794 4.07105094731851e-08
483000 24150000 2.42130581386766 6.2735936940467e-08 1.22482781594766 3.69942384146015e-08
484000 24200000 2.42449214007681 6.46290811676209e-08 1.22671442134424 3.91116800823962e-08
485000 24250000 2.42769311584386 6.2711739701116e-08 1.22867971588509 3.84017965471906e-08
486000 24300000 2.43073483389696 5.9181425480305e-08 1.23051934392305 3.55413388482882e-08
487000 24350000 2.43363293461958 5.65149694888834e-08 1.23225489688533 3.35110798507522e-08
488000 24400000 2.43640604659344 5.49721503125686e-08 1.23385835989848 3.08565899134035e-08
489000 24450000 2.43916747534504 5.54404468814264e-08 1.23536951359139 2.9879837249636e-08
490000 24500000 2.44192029602899 5.45064624442455e-08 1.2368645907419 3.00095798543342e-08
491000 24550000 2.44462483304719 5.37511775967675e-08 1.23838216051381 3.07174782657795e-08
492000 24600000 2.44729068106324 5.26697445255347e-08 1.23991897860841 3.0435233340036e-08
493000 24650000 2.44983815541062 4.8975541765156e-08 1.24137298149829 2.74215730684976e-08
494000 24700000 2.45222606715779 4.7215060891908e-08 1.24267760403274 2.51197549308903e-08
495000 24750000 2.45463438254012 4.97580429117902e-08 1.24391750644559 2.46384122751184e-08
496000 24800000 2.45723465191554 5.45675684698629e-08 1.24514866783558 2.49161715244605e-08
497000 24850000 2.46009821382237 5.93902723690359e-08 1.2464187916374 2.56704786046438e-08
498000 24900000 2.46307911672103 5.94547823684782e-08 1.24770674205545 2.60118368464635e-08
499000 24950000 2.46610353561649 6.26013316413566e-08 1.24901615905368 2.60477988253629e-08
500000 25000000 2.46935251368753 6.7346470118982e-08 1.2503740918427 2.9265289976553e-08
# Fix print output for fix posit_out
500000 25000000 2.46935251368753 6.7346470118982e-08 1.2503740918427 2.9265289976553e-08
501000 25050000 2.4727229035331 6.49626536175806e-08 1.25186742181034 2.93390685806077e-08
502000 25100000 2.47587704885747 6.1288143259141e-08 1.25333523899111 2.92093089284095e-08
503000 25150000 2.47879540223617 5.5484757460905e-08 1.254762419977 2.79970610486881e-08
504000 25200000 2.48146110358596 5.13645806202695e-08 1.25614108185348 2.71662054232812e-08
505000 25250000 2.48395131698098 4.84930390729781e-08 1.25748908314244 2.68074049925107e-08
506000 25300000 2.48635951707875 4.8774635770539e-08 1.25883249945093 2.7331945192402e-08
507000 25350000 2.48894312605138 5.53109077477385e-08 1.26028845377274 3.13972311150962e-08
508000 25400000 2.49183474588754 5.91842302328939e-08 1.26193754826733 3.37467332283539e-08
509000 25450000 2.49489857819592 6.41659934761412e-08 1.26367540852081 3.62155073866575e-08
510000 25500000 2.49819350462667 6.63225203219563e-08 1.26551479107687 3.62939795103025e-08
511000 25550000 2.50147899290851 6.44852822780829e-08 1.26723400965078 3.20680945144493e-08
512000 25600000 2.50455202373016 5.86596071817123e-08 1.26877583264799 3.06839965077131e-08
513000 25650000 2.50740278511213 5.54607748853138e-08 1.270323064287 3.05021115230611e-08
514000 25700000 2.51011693163651 5.34880596767856e-08 1.27178316233252 2.80895575642908e-08
515000 25750000 2.51276172282053 5.22689051381605e-08 1.27316131281669 2.72825399691749e-08
516000 25800000 2.51536279973551 5.21610585774615e-08 1.27452931772842 2.75482166547441e-08
517000 25850000 2.51804221589636 5.59518167558836e-08 1.27593296334367 2.89196236647263e-08
518000 25900000 2.52099430356459 6.08074170778968e-08 1.27742961279974 3.00609662801828e-08
519000 25950000 2.52398083450792 5.86833918299403e-08 1.27887296433611 2.79912642789496e-08
520000 26000000 2.52686965305837 5.64079043932774e-08 1.28024705306256 2.6777612222491e-08
521000 26050000 2.52963228046847 5.47766600631862e-08 1.28154742472919 2.53553573100682e-08
522000 26100000 2.5323772360228 5.44854530970883e-08 1.2827980617326 2.49816815220279e-08
523000 26150000 2.5350213181512 5.12272621709609e-08 1.2840615293979 2.54830297587492e-08
524000 26200000 2.53752444605504 4.90697412488147e-08 1.28534723408147 2.59753446104689e-08
525000 26250000 2.53994008307335 4.78201834634391e-08 1.28665410929643 2.61777105250118e-08
526000 26300000 2.5422841227856 4.57344000198966e-08 1.28792695038548 2.46277936378684e-08
527000 26350000 2.54456388023047 4.60453845391164e-08 1.28915702773087 2.5000784442146e-08
528000 26400000 2.54684481942835 4.41769159629067e-08 1.29041466453214 2.49582389874038e-08
529000 26450000 2.54897403339224 4.15663634975835e-08 1.2916503933576 2.45501500639544e-08
530000 26500000 2.55108493669776 4.40278234044944e-08 1.29288365855875 2.50758741741538e-08
531000 26550000 2.55347278692524 5.1114869643109e-08 1.29416780104126 2.56541547427371e-08
532000 26600000 2.55605984851796 5.12327341346285e-08 1.29544032856637 2.5624620682027e-08
533000 26650000 2.55853892107145 4.78863210587048e-08 1.296705758563 2.47641434592786e-08
534000 26700000 2.560850567166 4.39652673560079e-08 1.29789871811996 2.24348652743178e-08
535000 26750000 2.56292687960731 3.9728557702585e-08 1.29894691260323 2.00002569103248e-08
536000 26800000 2.56491511868439 4.09094116617417e-08 1.2999601313159 2.11510230186312e-08
537000 26850000 2.56707612398334 4.50442081444022e-08 1.30107819740678 2.3118298502221e-08
538000 26900000 2.56935957983455 4.64346761374738e-08 1.30223387039148 2.3189624441049e-08
539000 26950000 2.57174362384515 4.91830728258118e-08 1.30341466312903 2.41901437468054e-08
540000 27000000 2.57431715975773 5.34728867315301e-08 1.30464900488858 2.48050957578945e-08
541000 27050000 2.57704405281977 5.52089750459202e-08 1.30590573167192 2.57226451432505e-08
542000 27100000 2.57982141472243 5.61013088187587e-08 1.30723907786924 2.76689344452163e-08
543000 27150000 2.58263845463494 5.61622810770148e-08 1.30860728770792 2.60415346583639e-08
544000 27200000 2.58541473140889 5.45405085012036e-08 1.30982256148559 2.282653294367e-08
545000 27250000 2.58808203936682 5.23943610561886e-08 1.31088006058629 1.92271565513187e-08
546000 27300000 2.5906290353477 4.94170008081298e-08 1.31182744263599 2.00712364162956e-08
547000 27350000 2.59310043431563 4.94341386339357e-08 1.31295209402566 2.44831744302463e-08
548000 27400000 2.5955331681955 4.76621292303655e-08 1.31421742169623 2.58082130254172e-08
549000 27450000 2.5978290560017 4.45386346571865e-08 1.31546767773441 2.40587324613586e-08
550000 27500000 2.60005225386467 4.5149405448723e-08 1.31663096893413 2.25241778626687e-08
551000 27550000 2.60239728799587 4.84272052477851e-08 1.31771954163972 2.10396561466384e-08
552000 27600000 2.60478027481418 4.58228292443858e-08 1.31872696786637 1.90397229136932e-08
553000 27650000 2.60699610428262 4.36301674662441e-08 1.31963610163404 1.77018808392496e-08
554000 27700000 2.60922301193524 4.60479885464737e-08 1.32055479765599 1.98038717539209e-08
555000 27750000 2.61158981393955 4.76831917928883e-08 1.32165238652849 2.35951878764423e-08
556000 27800000 2.61393725866498 4.59725648352933e-08 1.32282759328005 2.24338457260738e-08
557000 27850000 2.61620121815788 4.50474588907201e-08 1.32384258092045 1.8307328354702e-08
558000 27900000 2.61845306029031 4.48844988933025e-08 1.32471060071269 1.68458923212952e-08
559000 27950000 2.62068920287522 4.47639493249697e-08 1.32551863073205 1.52244793667716e-08
560000 28000000 2.62299937850919 4.84608459572709e-08 1.32625503684787 1.47511256553439e-08
561000 28050000 2.6255198757718 5.19163317162453e-08 1.32700298589401 1.51106121188193e-08
562000 28100000 2.62815847972177 5.38819458550064e-08 1.3277738990998 1.65336320851608e-08
563000 28150000 2.63096203648726 5.86121144295733e-08 1.32872538615571 2.10764145649916e-08
564000 28200000 2.6340623425304 6.5549682879015e-08 1.32982616034943 2.27323472021118e-08
565000 28250000 2.63737179651393 6.44938531477098e-08 1.33094398947495 2.13299348350478e-08
566000 28300000 2.6404556793323 5.91007670149869e-08 1.33199949289938 2.14732728016166e-08
567000 28350000 2.64325156490241 5.27672191197081e-08 1.33314237202141 2.44702321557821e-08
568000 28400000 2.6458231552672 5.02032675137283e-08 1.3343891053634 2.4773711920286e-08
569000 28450000 2.64821756344018 4.59684862355769e-08 1.33560097620947 2.36245874841496e-08
570000 28500000 2.65049663345803 4.58960416608953e-08 1.33677422646057 2.39135024152227e-08
571000 28550000 2.65283519479405 4.68248392939764e-08 1.33801973020547 2.52849850939962e-08
572000 28600000 2.65507420973138 4.27089627940008e-08 1.33921832311645 2.24932483116489e-08
573000 28650000 2.65714336382485 4.0543223279257e-08 1.34028348615149 2.04104998848521e-08
574000 28700000 2.65918188543675 4.16568106737913e-08 1.34129502880814 2.04530681682759e-08
575000 28750000 2.6614062540699 4.86130372800208e-08 1.34237689078797 2.33546020630019e-08
576000 28800000 2.6641108170115 5.90509686350741e-08 1.34363547607818 2.63702738818055e-08
577000 28850000 2.66726825359611 6.73853396831288e-08 1.34495604792296 2.622628358753e-08
578000 28900000 2.67073180240092 6.96692991330913e-08 1.34631183527025 2.83111241249714e-08
579000 28950000 2.6743140793689 7.50089431912769e-08 1.34780882416766 3.23162102832212e-08
580000 29000000 2.67814933397764 7.5369877147263e-08 1.34951535494762 3.40394407305339e-08
581000 29050000 2.68174720284408 6.94011495301311e-08 1.35115523521876 3.22027018491574e-08
582000 29100000 2.68517549233029 6.80277253302181e-08 1.35277522089406 3.24627585533555e-08
583000 29150000 2.68848429521896 6.28276994416949e-08 1.35433345157169 2.96897050471229e-08
584000 29200000 2.69147364570109 5.85092939871905e-08 1.35580088982055 2.95490267103057e-08
585000 29250000 2.69438865207377 5.74960415223525e-08 1.35734469207083 3.24944977287874e-08
586000 29300000 2.69725956027927 5.84322358791334e-08 1.35904554724298 3.58447026033218e-08
587000 29350000 2.70035166173413 6.5746715141077e-08 1.36100088915036 4.29806120750403e-08
588000 29400000 2.70378296006089 7.04519569274033e-08 1.36334985317902 5.02062346072133e-08
589000 29450000 2.70733222050114 7.16824597429189e-08 1.36598201111588 5.52478509083898e-08
590000 29500000 2.71094046125512 7.13246975815544e-08 1.36879923576886 5.48678093946064e-08
591000 29550000 2.7144393051677 6.86754625734676e-08 1.37135345728883 4.76311783835205e-08
592000 29600000 2.71775381108254 6.34370329918911e-08 1.37359162235455 4.18957741793332e-08
593000 29650000 2.72085079836712 6.17687836663648e-08 1.3755793472508 3.83222800403401e-08
594000 29700000 2.72391627704233 6.00497273691188e-08 1.3773969647636 3.40888534110652e-08
595000 29750000 2.72679487284171 5.46111777133302e-08 1.3790137993677 3.09981171118484e-08
596000 29800000 2.7294160946944 5.12308066281567e-08 1.38055573255644 3.12769165080147e-08
597000 29850000 2.73195352314278 4.99910318622725e-08 1.38214946153433 3.21535558518364e-08
598000 29900000 2.73442083778019 4.87406460607787e-08 1.38376659558378 3.249742440595e-08
599000 29950000 2.73683531144858 4.82724365312429e-08 1.38540357493155 3.33097550539172e-08
600000 30000000 2.73933239183587 5.23640421696026e-08 1.38717334882087 3.86009954493349e-08
601000 30050000 2.74196283643644 5.132710265436e-08 1.38927847063622 4.30548290830595e-08
602000 30100000 2.74461822578736 5.60513768484234e-08 1.39128065283224 3.99667518021865e-08
603000 30150000 2.74754340351962 5.62699273619575e-08 1.39334745898677 3.77635218017198e-08
604000 30200000 2.74990244126051 4.1317737597358e-08 1.39475014188624 2.21830303758596e-08
605000 30250000 2.75183856359806 3.69309040051164e-08 1.39574173665666 1.81623273487821e-08
606000 30300000 2.75365875955706 3.64367066420077e-08 1.39661267244101 1.70310015137001e-08
607000 30350000 2.75553306221183 3.89184430708066e-08 1.39747243378921 1.75317350502126e-08
608000 30400000 2.75755476297102 4.16041608643292e-08 1.39836993566845 1.8347261179775e-08
609000 30450000 2.75967621637373 4.33508623213571e-08 1.39932477092373 2.00364599690338e-08
610000 30500000 2.76180801882235 4.05220693358694e-08 1.40032784569418 1.91985130551918e-08
611000 30550000 2.76373024884865 3.73185684989588e-08 1.40123182609394 1.74133796709239e-08
612000 30600000 2.76557477709794 3.62030749431871e-08 1.40207283192043 1.58350422090825e-08
613000 30650000 2.76738174964927 3.66477040772894e-08 1.40282031119114 1.43444568448519e-08
614000 30700000 2.76921439491286 3.60729191197288e-08 1.40348860197977 1.19880666748835e-08
615000 30750000 2.77099880992348 3.57239927214068e-08 1.40400102329336 8.23471332235476e-09
616000 30800000 2.77283645651295 3.84427948905435e-08 1.40426409159458 2.26953793814318e-09
617000 30850000 2.77483902140489 4.10841004657034e-08 1.40436672191681 3.74528888343142e-09
618000 30900000 2.77689559320244 4.04244669960947e-08 1.40476764217453 1.25878402126451e-08
619000 30950000 2.77883488252328 3.75199232867869e-08 1.40555983429409 1.8427604003365e-08
620000 31000000 2.7807460766619 3.97469368797051e-08 1.40659649561521 2.29376187019875e-08
621000 31050000 2.78273774914308 3.89700015895649e-08 1.40777608865392 2.37048509503264e-08
622000 31100000 2.78467497623038 3.92082452408372e-08 1.40896297411484 2.38058446816758e-08
623000 31150000 2.78666504367198 4.00166335927021e-08 1.41014600833126 2.33654165681858e-08
624000 31200000 2.78865601650122 3.95691609913409e-08 1.41128418056645 2.20945142409574e-08
625000 31250000 2.7906122348971 3.8709171225694e-08 1.41235640933762 2.07072787596096e-08
626000 31300000 2.79257204413275 4.00447825625908e-08 1.41336068767862 1.96201313902506e-08
627000 31350000 2.7945676065893 3.92398936450662e-08 1.41429028648684 1.73546750118084e-08
628000 31400000 2.7965247998466 3.95870868487378e-08 1.41513032105118 1.65865359550285e-08
629000 31450000 2.79857112703925 4.26617574961933e-08 1.4159539586692 1.6071160136333e-08
630000 31500000 2.80076976580351 4.44773445049551e-08 1.41664885635409 1.15811908944647e-08
631000 31550000 2.8029003841812 4.04244733707333e-08 1.41724959231329 1.32511037413403e-08
632000 31600000 2.80485645192226 3.84883658573222e-08 1.41797117199751 1.55315358169351e-08
633000 31650000 2.8068214669432 4.09469854115438e-08 1.41882135561689 1.89467461578129e-08
634000 31700000 2.80904084193544 4.81061430718601e-08 1.41993676858092 2.60492816724306e-08
635000 31750000 2.81155746708953 5.25293154970085e-08 1.42133210471467 2.89213775895598e-08
636000 31800000 2.81431588405794 5.64212366660546e-08 1.42282251463871 2.99240831733083e-08
637000 31850000 2.81701166727834 5.08463050903896e-08 1.42421860088804 2.5806461323075e-08
638000 31900000 2.819408530433 4.53202392051015e-08 1.42542718533748 2.27561025605228e-08
639000 31950000 2.82157389002791 4.16320926248201e-08 1.42649952399249 2.01007796695344e-08
640000 32000000 2.82361712983718 4.05366987627874e-08 1.42743984090373 1.75231467040411e-08
641000 32050000 2.82565593565622 4.13037828150551e-08 1.4282337265514 1.38081232141832e-08
642000 32100000 2.8278009410864 4.51014316848664e-08 1.42877757529378 8.32403240397459e-09
643000 32150000 2.83017506458255 4.86135245467948e-08 1.42920105092317 9.55473703228284e-09
644000 32200000 2.83258245898842 4.92245407996772e-08 1.42975556727915 1.25382348599379e-08
645000 32250000 2.8352639963159 5.75263217785193e-08 1.43046904629421 1.65450981464529e-08
646000 32300000 2.83816659484727 5.82898724504969e-08 1.43146335455662 2.33793961046753e-08
647000 32350000 2.84107536958014 5.70782724310013e-08 1.43270475456035 2.49024510163285e-08
648000 32400000 2.84379272454669 5.16796370372493e-08 1.43391391459011 2.35848626371415e-08
649000 32450000 2.84631021825323 4.95348279105329e-08 1.43506374530746 2.24626736603398e-08
650000 32500000 2.84876216653572 4.8675387968764e-08 1.43614744881043 2.05300238816854e-08
651000 32550000 2.8511321760461 4.55203491581791e-08 1.437110799833 1.83704265934903e-08
652000 32600000 2.85333820978412 4.36677056599078e-08 1.43803658156218 1.9323934838884e-08
653000 32650000 2.85559509441996 4.63765897332337e-08 1.43912268459732 2.42271827495434e-08
654000 32700000 2.85779431062668 4.09287087478802e-08 1.44033990367851 2.41478306134133e-08
655000 32750000 2.85973581124759 3.74676576701467e-08 1.4415854178335 2.55834513182231e-08
656000 32800000 2.86160589531148 3.81167863599988e-08 1.44281087279562 2.35002391910446e-08
657000 32850000 2.86353730259184 3.75506789538188e-08 1.44396124088663 2.19416587383441e-08
658000 32900000 2.86527523430648 3.2096644201372e-08 1.44496970789293 1.84751867078203e-08
659000 32950000 2.86678445310827 2.87815715114559e-08 1.44582665596851 1.60933322892579e-08
660000 33000000 2.86820619025867 2.83915437561379e-08 1.44661910394886 1.59543976491924e-08
661000 33050000 2.86958697125652 2.63526921898169e-08 1.4473995745682 1.47075271923866e-08
662000 33100000 2.87084103054871 2.40145596244336e-08 1.44807674683803 1.25532745103211e-08
663000 33150000 2.87201128836905 2.30457383524138e-08 1.44867621172554 1.16421997410725e-08
664000 33200000 2.87317558272451 2.38941235076926e-08 1.44926444930856 1.21454622844924e-08
665000 33250000 2.87443591578953 2.66956490221682e-08 1.4499121455876 1.38495623581294e-08
666000 33300000 2.87585674454687 3.05232249459625e-08 1.45065922510387 1.63215975357881e-08
667000 33350000 2.87754674721529 3.77276966377679e-08 1.45158092772998 2.08741772700159e-08
668000 33400000 2.87958140940157 4.09910526037735e-08 1.45271921766453 2.31312918023478e-08
669000 33450000 2.88150211916696 3.64892148681514e-08 1.45380341684408 2.05815128096129e-08
670000 33500000 2.88332941605445 3.70584956509984e-08 1.45482514632639 2.03824720945843e-08
671000 33550000 2.88519995235728 3.81408613699756e-08 1.45584416175571 2.099337983531e-08
672000 33600000 2.8872088331096 4.20692732539222e-08 1.45699798661698 2.50603673937605e-08
673000 33650000 2.88925902720283 3.92544759689666e-08 1.45821728942242 2.28349505830287e-08
674000 33700000 2.89117022749946 3.76426316853085e-08 1.45927409402291 1.95680173356826e-08
675000 33750000 2.89303121099277 3.67095258035016e-08 1.46020301083796 1.81468731118938e-08
676000 33800000 2.89487879296064 3.80141249685969e-08 1.46114878991772 2.02474338967103e-08
677000 33850000 2.89691953743719 4.41196041149126e-08 1.46228356549234 2.54831667997179e-08
678000 33900000 2.89926684020374 4.85535820893965e-08 1.46367847679072 2.92556817825688e-08
679000 33950000 2.90166513390505 4.78408910972275e-08 1.46506838733255 2.60019905315888e-08
680000 34000000 2.9041645395456 5.29203123488915e-08 1.46632290339601 2.44259374498792e-08
681000 34050000 2.90693220525957 5.77348744912981e-08 1.46743264729838 1.94532978272742e-08
682000 34100000 2.90990301915751 5.98636704519898e-08 1.46836809854706 1.91775345425809e-08
683000 34150000 2.91282505310067 5.65661991376446e-08 1.46937736156443 2.09708787518801e-08
684000 34200000 2.91556303444614 5.35684017472963e-08 1.47042454853551 2.05848242108056e-08
685000 34250000 2.91823917540948 5.36372119295227e-08 1.47143598124184 2.02802405107675e-08
686000 34300000 2.92093915331317 5.48929983713453e-08 1.47251981173609 2.34820438296627e-08
687000 34350000 2.92377902112147 5.82777144299381e-08 1.47377120589848 2.59643103528466e-08
688000 34400000 2.9266702128581 5.74354421852704e-08 1.47507461023245 2.64569105203234e-08
689000 34450000 2.92960025555363 6.01119317851893e-08 1.47645457018503 2.87944506963271e-08
690000 34500000 2.9326331864534 6.10887102585313e-08 1.47792985113825 3.0266581852958e-08
691000 34550000 2.93579300159009 6.59109892927268e-08 1.47950987092174 3.26266021937022e-08
692000 34600000 2.93919213011149 7.00086410074373e-08 1.48108762933668 3.01846858311781e-08
693000 34650000 2.94281951077809 7.55346192329927e-08 1.48257027626086 2.99762838437531e-08
694000 34700000 2.94671771233287 7.7744185143639e-08 1.48418443279894 3.40297886568108e-08
695000 34750000 2.95040204926614 7.05064061310734e-08 1.48591633758735 3.54398819669206e-08
696000 34800000 2.95391133704504 7.0275368460013e-08 1.48775025648939 3.72792387754522e-08
697000 34850000 2.95738621884618 6.74990680825282e-08 1.48954246252473 3.39421665703314e-08
698000 34900000 2.96060057701908 6.20011212929154e-08 1.49119258096941 3.26532914684601e-08
699000 34950000 2.96372730899958 6.4238099064945e-08 1.49284961945294 3.37184043661562e-08
700000 35000000 2.9670589252852 6.86892251042642e-08 1.49452494688923 3.27551169660974e-08
701000 35050000 2.97047367355996 6.6539035094251e-08 1.49615518672312 3.32721246578409e-08
702000 35100000 2.97370335699178 6.19320934878799e-08 1.49786055677726 3.36657187908806e-08
703000 35150000 2.97657148690644 5.27703202655979e-08 1.49940618712556 2.80906092751202e-08
704000 35200000 2.97903891059733 4.66637005886688e-08 1.50070807875557 2.44442542519678e-08
705000 35250000 2.98132587086758 4.5912956261939e-08 1.50190283436339 2.39648164315342e-08
706000 35300000 2.98372150969572 4.96748543290707e-08 1.50315259327216 2.58556065111183e-08
707000 35350000 2.98618017974602 4.85072845363013e-08 1.50443132302854 2.52811954672219e-08
708000 35400000 2.98866081736482 5.15270350222799e-08 1.50573010321792 2.71748195860027e-08
709000 35450000 2.99126681514311 5.01324927051589e-08 1.50711217787386 2.65340355601551e-08
710000 35500000 2.99355709980826 4.22587451936676e-08 1.50832662400381 2.26270043653014e-08
711000 35550000 2.99558556950846 3.98054489139781e-08 1.50943208590802 2.21235868228815e-08
712000 35600000 2.99757799141276 3.9193576197744e-08 1.51055333152807 2.22145385011543e-08
713000 35650000 2.99951264727272 3.92733412432979e-08 1.51166761581086 2.31780149363367e-08
714000 35700000 3.00152493396755 4.02620705950827e-08 1.5128828888758 2.45712023859003e-08
715000 35750000 3.0034654666824 3.69551366917876e-08 1.51405660598509 2.19733884757831e-08
716000 35800000 3.00522972605532 3.39645826347861e-08 1.51507332359124 1.87916511365356e-08
717000 35850000 3.00689156777653 3.27428059073038e-08 1.51593668598136 1.56272544705346e-08
718000 35900000 3.00852906882951 3.2849077064401e-08 1.51662002869978 1.16689216423204e-08
719000 35950000 3.01011905113413 2.99465048558428e-08 1.51715113794152 1.0380992848573e-08
720000 36000000 3.01152059326451 2.66990006477932e-08 1.51771192982644 1.23465922658696e-08
721000 36050000 3.01284678542179 2.64644912255808e-08 1.51839834088671 1.48675224970943e-08
722000 36100000 3.01414273474202 2.54299954875112e-08 1.51914872376848 1.49551192612958e-08
723000 36150000 3.01543804326519 2.70151922773028e-08 1.51991915226986 1.62838800624052e-08
724000 36200000 3.01681942174886 2.72653098702193e-08 1.52075792567053 1.6648398406817e-08
725000 36250000 3.0181593119156 2.69175823578999e-08 1.52158678012225 1.69287237099527e-08
726000 36300000 3.01958500609395 3.08415224447167e-08 1.52250251549001 2.02030024252614e-08
727000 36350000 3.02123483097085 3.41269412322775e-08 1.52360826241926 2.35491700391995e-08
728000 36400000 3.02293161614754 3.35481977942711e-08 1.52481515055464 2.42829832472623e-08
729000 36450000 3.02460067310192 3.37374501680119e-08 1.52599398413963 2.26373389868273e-08
730000 36500000 3.02640951001383 3.9566424887617e-08 1.52706526705985 1.9927757160894e-08
731000 36550000 3.02835610137426 3.60636899013952e-08 1.52802638384827 1.96512848256051e-08
732000 36600000 3.03009527483989 3.44177023392247e-08 1.52906890635074 2.19548144351185e-08
733000 36650000 3.03179646189044 3.38771067795808e-08 1.53017440466644 2.21199452076641e-08
734000 36700000 3.0335201393374 3.49591486788856e-08 1.5312959916833 2.25794660988354e-08
735000 36750000 3.03526852839453 3.5020886767365e-08 1.53238358190812 2.04273612661009e-08
736000 36800000 3.03704876721034 3.60953276803653e-08 1.5333142765188 1.70129059625654e-08
737000 36850000 3.03884026998792 3.57383003468994e-08 1.53416582466626 1.79995593266962e-08
738000 36900000 3.04060815679126 3.44917523417049e-08 1.53514224444762 2.08101684229149e-08
739000 36950000 3.0423116580508 3.360077681973e-08 1.53624715623611 2.32179576542668e-08
740000 37000000 3.04395361698558 3.25757968631703e-08 1.53747809168652 2.69263397693469e-08
741000 37050000 3.04562041125905 3.42772550185885e-08 1.5389901788731 3.298252697043e-08
742000 37100000 3.04739328966217 3.69403750708028e-08 1.54061155804938 3.03155984771601e-08
743000 37150000 3.04935529488223 4.10162850007842e-08 1.54209589228222 2.95369682903504e-08
744000 37200000 3.05134715058362 3.82065605072762e-08 1.54350443992311 2.66900700767778e-08
745000 37250000 3.05323431797647 3.77204714784525e-08 1.54482121879689 2.64038273555727e-08
746000 37300000 3.05508332627529 3.58696762451069e-08 1.54611579433502 2.4943724813237e-08
747000 37350000 3.05682599168266 3.3618164819108e-08 1.54732166144739 2.32717273015405e-08
748000 37400000 3.05841634032017 3.00604417612631e-08 1.54842091509813 2.08076911043261e-08
749000 37450000 3.05985778941004 2.7870932279118e-08 1.54944435872676 2.06084469560568e-08
750000 37500000 3.06122498498823 2.71780666718727e-08 1.55051179410104 2.22195380752105e-08
751000 37550000 3.06262818695175 2.86035771249303e-08 1.55165863052682 2.26841882999843e-08
752000 37600000 3.0640175719747 2.72648975705825e-08 1.5526726386732 1.80848008202275e-08
753000 37650000 3.06542109418776 2.93090333571021e-08 1.55354592219232 1.75192521370843e-08
754000 37700000 3.06686906593459 2.76637962021279e-08 1.55439402647282 1.58506860231567e-08
755000 37750000 3.06818631010803 2.5332371342295e-08 1.55513838129561 1.42011658910376e-08
756000 37800000 3.06943907924947 2.52945892331043e-08 1.55584577149261 1.45335742727701e-08
757000 37850000 3.07078003084468 2.859920027245e-08 1.55664478611772 1.7545481781118e-08
758000 37900000 3.07222673776493 2.81584796137946e-08 1.55751644566375 1.63046705937377e-08
759000 37950000 3.07355375987451 2.5239464933315e-08 1.55825260537914 1.35497804736025e-08
760000 38000000 3.07479084874012 2.44463104158759e-08 1.55891679191993 1.3325605978286e-08
761000 38050000 3.07598365417181 2.30811998655764e-08 1.55958230797042 1.30811638161265e-08
762000 38100000 3.07710347432854 2.18152352633027e-08 1.5602193232915 1.24651933520959e-08
763000 38150000 3.07815876097424 2.01776457322094e-08 1.56082416643605 1.15169582813725e-08
764000 38200000 3.07911172113062 1.80481233222756e-08 1.56135558264422 9.74736481707475e-09
765000 38250000 3.07998390032675 1.70901938195433e-08 1.56180864046338 8.50013036076031e-09
766000 38300000 3.08085255473438 1.80936435247147e-08 1.56221719244939 7.93489384168439e-09
767000 38350000 3.08186101328617 2.31646634138226e-08 1.56260460365929 7.50310920706648e-09
768000 38400000 3.08318976669264 2.89763868641024e-08 1.56300585180534 9.67761600229992e-09
769000 38450000 3.08471663765513 3.23254252366607e-08 1.56363432688857 1.53854152410422e-08
770000 38500000 3.08638438962208 3.30528346707636e-08 1.56447343314513 1.70589695177634e-08
771000 38550000 3.08793489258352 2.9017465332335e-08 1.56528049547734 1.51982997259046e-08
772000 38600000 3.08934961238457 2.86419648360008e-08 1.56602500877995 1.51822982199081e-08
773000 38650000 3.09090498077965 3.37182741461628e-08 1.56686090845445 1.82251052672191e-08
774000 38700000 3.09261130807895 3.30341134462054e-08 1.56774657378878 1.60586728327302e-08
775000 38750000 3.09417830755529 3.03090672470367e-08 1.56846940426824 1.35374723493016e-08
776000 38800000 3.09573549979228 3.25096924099245e-08 1.56916996012505 1.48403460100395e-08
777000 38850000 3.09738097263984 3.33197054676754e-08 1.56989742649478 1.39467268246509e-08
778000 38900000 3.09913750242251 3.70446029400638e-08 1.57059872210187 1.4333273430304e-08
779000 38950000 3.1009677079115 3.48980541638044e-08 1.57132998804407 1.49306208023105e-08
780000 39000000 3.10258444177369 3.00584845311641e-08 1.57209270043674 1.5565455162789e-08
781000 39050000 3.10403108918807 2.81219206225022e-08 1.57289450503666 1.65108845739019e-08
782000 39100000 3.10536333103776 2.50056976532024e-08 1.57368525178131 1.45276327823539e-08
783000 39150000 3.10656245279964 2.33164505704396e-08 1.57434314260263 1.19518088485761e-08
784000 39200000 3.10770510390724 2.21638003669714e-08 1.57489733419949 1.04411598645405e-08
785000 39250000 3.10875689808299 1.99591044636715e-08 1.57541157869368 1.02862030368133e-08
786000 39300000 3.1097216566842 1.88590225865846e-08 1.57593231598559 1.05707619744359e-08
787000 39350000 3.11066442174874 1.90843908422912e-08 1.57647314526656 1.11380007574861e-08
788000 39400000 3.11165632240971 2.07760605829677e-08 1.57705473034372 1.2147880967019e-08
789000 39450000 3.11272317658486 2.15197410621724e-08 1.57767706601969 1.26792005540629e-08
790000 39500000 3.11379556621039 2.13281302857559e-08 1.578328176459 1.33415162879103e-08
791000 39550000 3.11484768436495 2.07413868433643e-08 1.57899222067591 1.29770599619638e-08
792000 39600000 3.11586843594352 1.99394124176308e-08 1.57960980583174 1.16942595332143e-08
793000 39650000 3.11682290047236 1.82492676861886e-08 1.5801731829701 1.10477610889993e-08
794000 39700000 3.11771373495495 1.76232210210926e-08 1.58073401076071 1.15283571935221e-08
795000 39750000 3.11859566007375 1.7591972688427e-08 1.58132747058012 1.2047772266086e-08
796000 39800000 3.11946495688616 1.71757559061117e-08 1.58191868752186 1.15042549024649e-08
797000 39850000 3.1203160598418 1.68879885973084e-08 1.58247865143395 1.09459420507591e-08
798000 39900000 3.12115489914261 1.66818454543677e-08 1.58301852958774 1.06953095654318e-08
799000 39950000 3.12198777509919 1.66964513080439e-08 1.58355224687426 1.06957986461203e-08
800000 40000000 3.12283572089904 1.74018238493041e-08 1.58409461172154 1.11056630360848e-08
# Fix print output for fix posit_out
800000 40000000 3.12283572089904 1.74018238493041e-08 1.58409461172154 1.11056630360848e-08
801000 40050000 3.12375659193523 1.9845137962289e-08 1.58468087970713 1.26165107506459e-08
802000 40100000 3.12486961350412 2.51218138470573e-08 1.58539034878588 1.60960226019878e-08
803000 40150000 3.12626684905005 2.99754896500701e-08 1.58629584179797 1.96698799711398e-08
804000 40200000 3.12778390999025 3.04447416404325e-08 1.58730919129897 2.07996426810961e-08
805000 40250000 3.1292371825864 2.69803674151715e-08 1.58831360825864 1.84109359219449e-08
806000 40300000 3.13050951628249 2.45292567203807e-08 1.58914922928372 1.55114055072272e-08
807000 40350000 3.13174390234525 2.50034630878181e-08 1.5899097023118 1.50892247913098e-08
808000 40400000 3.1329575938941 2.31109265279191e-08 1.59064413053994 1.42495450332113e-08
809000 40450000 3.1340790013448 2.2207763290247e-08 1.5913505467747 1.41379940167964e-08
810000 40500000 3.13518707140206 2.18528542645906e-08 1.5920499208834 1.37090846524163e-08
811000 40550000 3.13625429810705 2.10050240277336e-08 1.59272724919574 1.35386854187951e-08
812000 40600000 3.13732254327356 2.22192639385673e-08 1.59342474587217 1.46662937066719e-08
813000 40650000 3.13853514464928 2.67327785451004e-08 1.59423418089678 1.80299137030525e-08
814000 40700000 3.13994786233435 2.86549458673128e-08 1.59518055322956 1.87578372254885e-08
815000 40750000 3.14134928109911 2.73260589409376e-08 1.59606646297883 1.67535415649927e-08
816000 40800000 3.14267898449836 2.59301115656599e-08 1.59686857210532 1.54780266822969e-08
817000 40850000 3.14396958726358 2.61081449671207e-08 1.59764167226604 1.58336502738725e-08
818000 40900000 3.14528798077496 2.61302871232178e-08 1.59845085029436 1.59097554417167e-08
819000 40950000 3.14656967585291 2.52580439287455e-08 1.59920169527425 1.42241461412205e-08
820000 41000000 3.14782334710035 2.50327442522067e-08 1.59988733505031 1.33339200559508e-08
821000 41050000 3.14910043977247 2.64665532829317e-08 1.60054526762842 1.30224909177244e-08
822000 41100000 3.15052329060068 3.08247406577803e-08 1.60118554344822 1.26097472083069e-08
823000 41150000 3.15211226885679 3.16190936763461e-08 1.60186367466683 1.50097209225027e-08
824000 41200000 3.15367621995521 3.11747711719755e-08 1.60265537859521 1.62255771090358e-08
825000 41250000 3.15523736694588 3.13556852995857e-08 1.60346436682094 1.60824836947468e-08
826000 41300000 3.15683500101044 3.29196363482036e-08 1.604265553528 1.59756943151458e-08
827000 41350000 3.15854673327792 3.48088158796905e-08 1.60505062808969 1.51363529359253e-08
828000 41400000 3.16019725278559 3.0930970740727e-08 1.60576635554768 1.36554550864359e-08
829000 41450000 3.16166788857473 2.82669857495028e-08 1.60643626120372 1.33239029381749e-08
830000 41500000 3.16306381290243 2.80245793748874e-08 1.6071193676566 1.42531714342852e-08
831000 41550000 3.16449794695181 2.91001629754438e-08 1.60787386100288 1.56191797637414e-08
832000 41600000 3.16593324161314 2.8417330762258e-08 1.60862345215207 1.40810813211759e-08
833000 41650000 3.16740606327882 3.13630843344408e-08 1.60930339742786 1.35620122878274e-08
834000 41700000 3.16905090147246 3.31598404259682e-08 1.60995483204661 1.17073024357489e-08
835000 41750000 3.17064862404885 3.058377590097e-08 1.61049435997595 1.06092617806398e-08
836000 41800000 3.17214228100278 2.96451859736203e-08 1.6110658338812 1.24944988818551e-08
837000 41850000 3.17364489476143 3.05513680542639e-08 1.611750838703 1.48217142000531e-08
838000 41900000 3.17517104664354 3.00193144864104e-08 1.61252786337343 1.60458864352777e-08
839000 41950000 3.17663000651113 2.85164951865506e-08 1.61334716967905 1.67508185417864e-08
840000 42000000 3.17805059770256 2.85939403514637e-08 1.61420834188418 1.7758411734501e-08
841000 42050000 3.17951891804591 3.04987805673612e-08 1.61513274980384 1.94060272822617e-08
842000 42100000 3.18113014556285 3.3565190000039e-08 1.61617144763409 2.19345509023618e-08
843000 42150000 3.18276974387591 3.15915200777395e-08 1.61724296619513 2.05522319296443e-08
844000 42200000 3.18430179581248 2.99374393106978e-08 1.61823617376116 1.93245482827862e-08
845000 42250000 3.185788285081 2.98106902227936e-08 1.61918848316209 1.89267304246788e-08
846000 42300000 3.18732296078646 3.20658391797928e-08 1.62015053094894 1.97828469793486e-08
847000 42350000 3.18901885834501 3.55489065202793e-08 1.62116928261049 2.07568378155362e-08
848000 42400000 3.19086414837441 3.84290642850221e-08 1.62222881700885 2.19592036404699e-08
849000 42450000 3.19280728740353 3.79398201223746e-08 1.62335225248458 2.23193791765033e-08
850000 42500000 3.1946205727285 3.50863131322598e-08 1.62444073829033 2.13805336802104e-08
851000 42550000 3.19636924823896 3.53096271471017e-08 1.62550897262293 2.15180801255608e-08
852000 42600000 3.19818828698534 3.77200289791752e-08 1.62660185961731 2.2043028279067e-08
853000 42650000 3.2001786476279 4.2610240404012e-08 1.62765119037468 1.9196648154749e-08
854000 42700000 3.2024372459834 4.65214086291363e-08 1.62857203849807 1.93908401115358e-08
855000 42750000 3.20472216698523 4.39912406505196e-08 1.62964830821499 2.28902755693013e-08
856000 42800000 3.20684625808596 4.21014958212429e-08 1.63084141726704 2.53430133023155e-08
857000 42850000 3.20898692576183 4.29092420957942e-08 1.6321879687486 2.76270484225678e-08
858000 42900000 3.21113473094216 4.33198457768557e-08 1.63356609290052 2.7602660055117e-08
859000 42950000 3.21332963176051 4.50775136818032e-08 1.63496335022622 2.87496824887279e-08
860000 43000000 3.21563155556353 4.57628096345522e-08 1.63642863070853 2.90255386623739e-08
861000 43050000 3.21790334412952 4.61344047865285e-08 1.63785518737094 2.85563682490402e-08
862000 43100000 3.22033352938653 5.1797138117473e-08 1.63933304536758 3.10035723210251e-08
863000 43150000 3.22307586273883 5.65123363783667e-08 1.64094649553772 3.24911659799905e-08
864000 43200000 3.22591236021586 5.73621795984819e-08 1.64249303489688 2.93740574286841e-08
865000 43250000 3.22877912016563 5.68115928081598e-08 1.64390827125716 2.74468951359361e-08
866000 43300000 3.23168114092651 6.06076796378511e-08 1.64530286419879 2.9133593712754e-08
867000 43350000 3.2348861928582 6.78230083930476e-08 1.64684980702795 3.30203396071653e-08
868000 43400000 3.23840690254562 7.0801021263517e-08 1.64855919336919 3.35414595695405e-08
869000 43450000 3.24183632249811 6.5289156964249e-08 1.6501367875342 2.94133034316686e-08
870000 43500000 3.2448000970571 5.33244631206442e-08 1.6514817079108 2.47228809732595e-08
871000 43550000 3.24725109673418 4.55669241966145e-08 1.65264264651559 2.19560391598724e-08
872000 43600000 3.2494227026961 4.18128144561534e-08 1.65369896458006 2.05111925707771e-08
873000 43650000 3.25148754947497 4.14257030617552e-08 1.65472614055294 2.10763021179367e-08
874000 43700000 3.25358647729587 4.22932521165267e-08 1.65583942973423 2.32477775663664e-08
875000 43750000 3.25571884451028 4.28220623345053e-08 1.65700847979231 2.30802026724297e-08
876000 43800000 3.25788753718899 4.4608573237831e-08 1.65814813656274 2.28603354324578e-08
877000 43850000 3.26022584485903 4.89675008062439e-08 1.65932972075157 2.46868315623247e-08
878000 43900000 3.26275032409921 5.13306846861712e-08 1.66061029603221 2.60879240483779e-08
879000 43950000 3.26531079219695 5.10391917033613e-08 1.66190828203657 2.58210126170904e-08
880000 44000000 3.26792775611161 5.48529672045629e-08 1.66322462686189 2.7293320365978e-08
881000 44050000 3.27078326625067 5.79202138035753e-08 1.66460464203471 2.71214053067081e-08
882000 44100000 3.27364649542473 5.62520932453228e-08 1.66592197568388 2.56325461047076e-08
883000 44150000 3.27640163940068 5.39469489455335e-08 1.66718622799472 2.50303324216036e-08
884000 44200000 3.2790100299081 5.02981844444945e-08 1.6683913047585 2.28531493846037e-08
885000 44250000 3.28147268107709 4.87453906904623e-08 1.66948040534607 2.09605672395476e-08
886000 44300000 3.28393174728257 5.03683453811716e-08 1.67051459699817 2.08208901878418e-08
887000 44350000 3.28657353709289 5.50460159813935e-08 1.6715813786037 2.14217776153932e-08
888000 44400000 3.28935111366717 5.5528843224885e-08 1.67262268967561 2.03682980064626e-08
889000 44450000 3.29211870751341 5.47576887101705e-08 1.67361972524244 1.9344293309761e-08
890000 44500000 3.29475025242852 5.00401081736492e-08 1.67456884121094 1.91817098241263e-08
891000 44550000 3.29714564454127 4.66858258636311e-08 1.67559938690516 2.2507068762893e-08
892000 44600000 3.29953523013207 4.95780414674382e-08 1.67685597888925 2.7758649062916e-08
893000 44650000 3.30206317654283 5.14888760076577e-08 1.67831463103494 3.01503943492693e-08
894000 44700000 3.30465103814597 5.04794041618973e-08 1.67979774316476 2.76158775207685e-08
895000 44750000 3.30707054316926 4.70086108048175e-08 1.68103573776346 2.27938248835508e-08
896000 44800000 3.30941696650947 4.70735345939494e-08 1.68218413928768 2.38035120609571e-08
897000 44850000 3.31177418607422 4.76211794331615e-08 1.68342032575345 2.58116685651073e-08
898000 44900000 3.31415408990287 4.58168215605904e-08 1.68475543957901 2.61842308705214e-08
899000 44950000 3.31628718773125 4.02650053239392e-08 1.68593831500669 2.1329882535998e-08
900000 45000000 3.31822264254339 3.70143078365991e-08 1.68690136348924 1.70983278682959e-08
901000 45050000 3.32001936868386 3.53877252162389e-08 1.68767124168651 1.41011755753737e-08
902000 45100000 3.32178681538818 3.55648521220852e-08 1.6883525433112 1.33937951499083e-08
903000 45150000 3.32365135385743 3.9674696225409e-08 1.68900234288064 1.26670231808295e-08
904000 45200000 3.32568186328895 4.06161022110763e-08 1.68969399813278 1.49368166776465e-08
905000 45250000 3.32762915888284 3.67453926685015e-08 1.69046894412964 1.62193365320226e-08
906000 45300000 3.32943952093329 3.67918266646964e-08 1.69134466902109 1.92669640268621e-08
907000 45350000 3.33141230280664 4.29738877177757e-08 1.69245236064068 2.54955880493729e-08
908000 45400000 3.33366175117569 4.4975674697977e-08 1.69382869812359 2.80167018144076e-08
909000 45450000 3.33584849593073 4.27985607199354e-08 1.69519663648843 2.6800041036703e-08
910000 45500000 3.33795657735208 4.17315923150589e-08 1.69651991362253 2.63916791694248e-08
911000 45550000 3.34006847040049 4.29057479229239e-08 1.69787925757708 2.81189592618392e-08
912000 45600000 3.34220042788293 4.21741007618521e-08 1.69926928340972 2.68601577317113e-08
913000 45650000 3.34433490831313 4.39909129735644e-08 1.70058019353178 2.6156772274789e-08
914000 45700000 3.34661242067781 4.61207253807062e-08 1.70191023113541 2.66029634165313e-08
915000 45750000 3.34887527557462 4.45123457483715e-08 1.70319229664676 2.4753910577417e-08
916000 45800000 3.35110040832195 4.48410957833245e-08 1.70442280731476 2.48247976708021e-08
917000 45850000 3.35336598690292 4.56494863931988e-08 1.70568794010755 2.58144298950129e-08
918000 45900000 3.35564628858109 4.50783164402113e-08 1.70700627720163 2.66088027595896e-08
919000 45950000 3.35783434881315 4.25059407979116e-08 1.7083042681899 2.51359920348418e-08
920000 46000000 3.35990626747737 4.02597447750253e-08 1.70951202853428 2.30582273716458e-08
921000 46050000 3.36187061714697 3.89257558144507e-08 1.71060422018325 2.06665159779182e-08
922000 46100000 3.36391243974305 4.37019414180113e-08 1.71160383197794 1.99352420112783e-08
923000 46150000 3.36610510500529 4.23624873556177e-08 1.71266450927534 2.21675818911818e-08
924000 46200000 3.36821845671199 4.34253117013418e-08 1.71379421407918 2.34309474414873e-08
925000 46250000 3.37051037248903 4.73800322683076e-08 1.71505418148745 2.63293833329509e-08
926000 46300000 3.37277247420129 4.25524965858296e-08 1.71628005852036 2.23338675328103e-08
927000 46350000 3.37480540164865 3.94278508100549e-08 1.71732589465118 2.00450977260599e-08
928000 46400000 3.37679685533525 4.08567839010019e-08 1.71834573633602 2.11974584431002e-08
929000 46450000 3.37883241143167 3.99322472159047e-08 1.71941006947032 2.10575159835019e-08
930000 46500000 3.38081415181767 3.97952189482822e-08 1.72046758266875 2.12797013136884e-08
931000 46550000 3.38288094590092 4.37005530738507e-08 1.72153243351701 2.15463078580933e-08
932000 46600000 3.38512862614489 4.44112888356049e-08 1.72267109847933 2.38078095910218e-08
933000 46650000 3.38723726833737 4.00107268377855e-08 1.72385092099249 2.32261577781798e-08
934000 46700000 3.38917423723264 3.81993919500186e-08 1.72501272674513 2.35882565543574e-08
935000 46750000 3.39113712781752 4.04798966999339e-08 1.72624938853882 2.58811728198518e-08
936000 46800000 3.39311598202737 3.78315747719363e-08 1.7275155313201 2.41010165585257e-08
937000 46850000 3.39494897043306 3.62487809072988e-08 1.72867579085613 2.27769217569104e-08
938000 46900000 3.39676941817169 3.63621371237151e-08 1.72981036033536 2.25069807042238e-08
939000 46950000 3.39856105030647 3.50450322602144e-08 1.73090767044269 2.12134764383627e-08
940000 47000000 3.40026283154333 3.31177914439738e-08 1.73193478071325 2.00239446668337e-08
941000 47050000 3.40189484413029 3.25225766273149e-08 1.7329275728789 1.99357288806221e-08
942000 47100000 3.40356089798165 3.45635731847635e-08 1.73395986206216 2.16381771013039e-08
943000 47150000 3.40537976125062 3.80279080720848e-08 1.73510282207428 2.38461652396816e-08
944000 47200000 3.4072764990953 3.73501802615428e-08 1.73627874060959 2.293165979467e-08
945000 47250000 3.40913124492199 3.6576179277778e-08 1.73742306378867 2.27086663165155e-08
946000 47300000 3.41090149038451 3.45148233573836e-08 1.73850632251607 2.06973610928795e-08
947000 47350000 3.4126335865784 3.53485970359453e-08 1.73953262354371 2.08323413785237e-08
948000 47400000 3.41450572491367 4.03579477317443e-08 1.7406461653888 2.44191587921411e-08
949000 47450000 3.41666778111781 4.47661271557235e-08 1.74198566857998 2.79549105224724e-08
950000 47500000 3.41888431088296 4.36190424785142e-08 1.74334764404061 2.64579830980348e-08
951000 47550000 3.4210558681116 4.36343946767907e-08 1.74466979844417 2.68851929999815e-08
952000 47600000 3.42323086061271 4.31724565635248e-08 1.7460264462359 2.69963517166397e-08
953000 47650000 3.42537455892898 4.16225830106911e-08 1.74735005667414 2.52869324415134e-08
954000 47700000 3.42733962786755 3.74773872865553e-08 1.74853594645669 2.27204484486564e-08
955000 47750000 3.42913564560038 3.42744929273448e-08 1.74962374768514 2.01933726333446e-08
956000 47800000 3.43080739799679 3.3074427173824e-08 1.75052981114067 1.61098900063942e-08
957000 47850000 3.43244629225811 3.22807778049861e-08 1.75128456399294 1.50489440625546e-08
958000 47900000 3.43405512469358 3.25257575550951e-08 1.75209914559774 1.77953044147213e-08
959000 47950000 3.43575260687307 3.58898714728376e-08 1.75308734532704 2.19370967649131e-08
960000 48000000 3.43763443749392 3.89898206438834e-08 1.75426976391943 2.49453099570601e-08
961000 48050000 3.43969721905194 4.4582576980135e-08 1.75560506710314 2.91762569630232e-08
962000 48100000 3.44212419426554 5.15266771043782e-08 1.75720662972748 3.42048890758583e-08
963000 48150000 3.44461974556911 4.65606053890708e-08 1.75886951848954 3.11368212353222e-08
964000 48200000 3.44678445070895 4.05522039320627e-08 1.7603221961321 2.72947463186908e-08
965000 48250000 3.4487006019656 3.6346869566582e-08 1.76160514143232 2.40867040654194e-08
966000 48300000 3.45046281423836 3.47007303648427e-08 1.76276173860399 2.26537335991519e-08
967000 48350000 3.45222656677349 3.63078243681393e-08 1.76392063866758 2.41260458167177e-08
968000 48400000 3.45413597188807 4.0604088471455e-08 1.76520668331124 2.76107922806182e-08
969000 48450000 3.45626249328815 4.30732750102647e-08 1.76665591963916 2.94645717656083e-08
970000 48500000 3.45836997108654 4.11075692016276e-08 1.76810038005447 2.79602737417597e-08
971000 48550000 3.46033078628872 3.6983166464081e-08 1.76940056252307 2.38244837669374e-08
972000 48600000 3.46207393822826 3.3141880603113e-08 1.7705038316813 2.07449981528447e-08
973000 48650000 3.4637050931372 3.28761482491339e-08 1.77152618460964 2.07640130057131e-08
974000 48700000 3.46543147068492 3.62966954035374e-08 1.77263811477254 2.37478881804935e-08
975000 48750000 3.46727875603147 3.68181672319349e-08 1.77383447169716 2.33935361908657e-08
976000 48800000 3.46910366274522 3.66268273537838e-08 1.77497299782624 2.25420242273633e-08
977000 48850000 3.47097960394387 3.85118648314926e-08 1.77612268600495 2.35820116427592e-08
978000 48900000 3.47292632974265 3.90935317434206e-08 1.77731304488221 2.38069051470515e-08
979000 48950000 3.47490887702266 4.00166876199671e-08 1.77850849415552 2.36881542054166e-08
980000 49000000 3.47685447581058 3.77061988551313e-08 1.77961243100829 2.02860840857637e-08
981000 49050000 3.47872006276707 3.75946160351365e-08 1.78054866524142 1.74280166565236e-08
982000 49100000 3.48072069129172 4.40451662017411e-08 1.78138554062842 1.62932025148759e-08
983000 49150000 3.48308452560611 4.64758732249137e-08 1.78222347648839 1.69340702295632e-08
984000 49200000 3.48530244217245 4.36248921749289e-08 1.78305253575901 1.65815230943747e-08
985000 49250000 3.48749838607313 4.39688852205729e-08 1.78390031228848 1.72956304290054e-08
986000 49300000 3.48968166657427 4.38068812993333e-08 1.7848186401575 2.02952709968212e-08
987000 49350000 3.49188831311956 4.45483627748613e-08 1.78594372541245 2.44445019946697e-08
988000 49400000 3.49408075393271 4.21487864703902e-08 1.78718120151769 2.39810318086861e-08
989000 49450000 3.49613698238008 4.10640403007407e-08 1.78836482940099 2.40942798064914e-08
990000 49500000 3.49823856896312 4.15190517300281e-08 1.78962085496304 2.51345315046663e-08
991000 49550000 3.50013629311448 3.4400481319069e-08 1.79078370444807 2.12504841366238e-08
992000 49600000 3.50173483057327 3.018922995336e-08 1.79176534057988 1.83613271457787e-08
993000 49650000 3.50321749399901 2.96806794880383e-08 1.79265639628271 1.75890232723656e-08
994000 49700000 3.50470726313546 2.93626420968584e-08 1.79352129870368 1.66416804037413e-08
995000 49750000 3.50614689158009 2.86280215209821e-08 1.79431336697362 1.52650095717893e-08
996000 49800000 3.50760371791488 2.98617547145812e-08 1.79507287138067 1.54247032929724e-08
997000 49850000 3.50916660570099 3.29388947000395e-08 1.79590254718449 1.80968277167986e-08
998000 49900000 3.5108185722323 3.21424684620964e-08 1.79679806395641 1.64938059219643e-08
999000 49950000 3.51236288619373 2.98443678339044e-08 1.79753736088699 1.35693911294637e-08
1000000 50000000 3.51383888959841 2.96680064392613e-08 1.79820519969271 1.36362919742795e-08
