# Fix print output for fix posit_out
0 0 158.25065205467 3.02271545501302e-06 74.3487517008751 1.25749929079236e-06
1000 50000 158.420289671277 3.33118800779028e-06 74.4117378777009 1.27382256713286e-06
2000 100000 158.585602725585 3.29354771801784e-06 74.4767928297049 1.335477662706e-06
3000 150000 158.751603815775 3.36241747767511e-06 74.544372382749 1.35676723397162e-06
4000 200000 158.92069883256 3.38977477451335e-06 74.6117180932937 1.33140396326227e-06
5000 250000 159.090047598321 3.38893494688509e-06 74.6786899265269 1.35844685478645e-06
6000 300000 159.259867459576 3.39782918620363e-06 74.7473302011738 1.37308554437036e-06
7000 350000 159.428977467679 3.37456153548697e-06 74.8148844880574 1.32363217158663e-06
8000 400000 159.597969385842 3.3807184610296e-06 74.8809425849182 1.33538537116893e-06
9000 450000 159.766661189463 3.34616565179302e-06 74.9480706497163 1.33225878796239e-06
10000 500000 159.932526564825 3.31243862310496e-06 75.0141204139129 1.31030771513133e-06
11000 550000 160.098702922694 3.33190644728252e-06 75.0796384188481 1.30547665694846e-06
12000 600000 160.266005070052 3.36145488216091e-06 75.1449454884023 1.32014356330623e-06
13000 650000 160.433325571406 3.31962281126593e-06 75.212033890231 1.35110985542747e-06
14000 700000 160.59834834562 3.30750513793884e-06 75.2793872469258 1.3451559517454e-06
15000 750000 160.764673390604 3.34565632794074e-06 75.3472581168388 1.37097679791426e-06
16000 800000 160.933180745676 3.40793077869254e-06 75.4155295632465 1.35649646177841e-06
17000 850000 161.104846315457 3.41799142374831e-06 75.4828632907025 1.33039288560687e-06
18000 900000 161.274150537133 3.37878154957766e-06 75.5496052872224 1.35636309908906e-06
19000 950000 161.442436331275 3.33504751295461e-06 75.6180184383754 1.37563895267907e-06
20000 1000000 161.607857651564 3.30663157580883e-06 75.6858676179879 1.33174848832991e-06
21000 1050000 161.773955818409 3.3288098278562e-06 75.7515587392442 1.29378926677892e-06
22000 1100000 161.942347665541 3.41687970992956e-06 75.8160758304001 1.289771178994e-06
23000 1150000 162.113310953988 3.40968705174825e-06 75.8808253838448 1.2907948742333e-06
24000 1200000 162.282758521169 3.36474596060231e-06 75.9447391704718 1.27367845953752e-06
25000 1250000 162.449813542395 3.33743574394399e-06 76.0079342725318 1.27106239628775e-06
26000 1300000 162.617126753304 3.32183021155089e-06 76.0721613126746 1.28690493241341e-06
27000 1350000 162.782815299256 3.32776031733079e-06 76.1357387254391 1.24766424699782e-06
28000 1400000 162.951119314542 3.38429637625559e-06 76.1979039019486 1.26012197623073e-06
29000 1450000 163.120901505582 3.40855667209473e-06 76.262023952547 1.31014775340206e-06
30000 1500000 163.289916901723 3.32790820550434e-06 76.3276599731091 1.29987220889888e-06
31000 1550000 163.454500034203 3.29987230548711e-06 76.3914352155735 1.25349176355288e-06
32000 1600000 163.621996498823 3.37416323945508e-06 76.455417482636 1.31101158051052e-06
33000 1650000 163.79015615551 3.34594548582785e-06 76.5208941249521 1.29921862758614e-06
34000 1700000 163.956363058264 3.32521934423767e-06 76.586006345096 1.31844704323562e-06
35000 1750000 164.122935986808 3.31421864111107e-06 76.6522323733359 1.31986277921039e-06
36000 1800000 164.288276902654 3.3248648471701e-06 76.7177126008235 1.30769937117975e-06
37000 1850000 164.455732348529 3.36421802275962e-06 76.7832058306598 1.31190404026245e-06
38000 1900000 164.623654797768 3.34698209070892e-06 76.8491171163807 1.31914268931818e-06
39000 1950000 164.7906170345 3.3289181401153e-06 76.9146030034188 1.29267615310997e-06
40000 2000000 164.957041309336 3.32916930354337e-06 76.9797060297936 1.31053735897072e-06
41000 2050000 165.122857737331 3.30942148613177e-06 77.0438585568663 1.26225998837043e-06
42000 2100000 165.289146434345 3.33689245883946e-06 77.108045774792 1.30429090057323e-06
43000 2150000 165.456323287657 3.34134436097051e-06 77.1731652954331 1.29181019032646e-06
44000 2200000 165.622292261223 3.31475595061395e-06 77.2368229763623 1.26111476669517e-06
45000 2250000 165.789135480297 3.3668070264701e-06 77.3008216835318 1.30334986976376e-06
46000 2300000 165.957830482841 3.36185773159087e-06 77.3667196050675 1.31623169048885e-06
47000 2350000 166.125318161494 3.33648722738594e-06 77.4308304534276 1.25583113186749e-06
48000 2400000 166.29245860123 3.34526561231758e-06 77.4949513878828 1.30903468235693e-06
49000 2450000 166.459060032627 3.32566212238362e-06 77.5618657875727 1.36868130174619e-06
50000 2500000 166.626997150585 3.38301071101774e-06 77.630782297467 1.37372727406161e-06
51000 2550000 166.795412352684 3.35723039957461e-06 77.6974845049237 1.28873257902414e-06
52000 2600000 166.963651277305 3.36729331972496e-06 77.7604124448581 1.24130671554682e-06
53000 2650000 167.131412436407 3.34990628288177e-06 77.8229126429698 1.26504199021446e-06
54000 2700000 167.298956061582 3.34805214411866e-06 77.8875567596859 1.32396596294292e-06
55000 2750000 167.465091884696 3.30660943180324e-06 77.9541272532082 1.31594609726587e-06
56000 2800000 167.631809806867 3.36391147548968e-06 78.0193616583394 1.30795793753662e-06
57000 2850000 167.800346972626 3.36436874319219e-06 78.0859203460592 1.34423079191801e-06
58000 2900000 167.968155177195 3.35769767173418e-06 78.1523885552301 1.3125559178637e-06
59000 2950000 168.137497031756 3.42440646429217e-06 78.2168170878116 1.26626853133015e-06
60000 3000000 168.309826357727 3.43145053081865e-06 78.2806093581901 1.28394478213244e-06
61000 3050000 168.478445556286 3.33361972776805e-06 78.3446261493217 1.28544531572645e-06
62000 3100000 168.644805510694 3.3210023631614e-06 78.4092960762652 1.30284127753895e-06
63000 3150000 168.809794893595 3.2810810223961e-06 78.4758047369681 1.35718544743752e-06
64000 3200000 168.974570704831 3.31306423902452e-06 78.5438932866271 1.35258573290594e-06
65000 3250000 169.139624180703 3.2696882804647e-06 78.6117108181379 1.34439524727788e-06
66000 3300000 169.302806708907 3.29464098760159e-06 78.6788340195552 1.35310345874071e-06
67000 3350000 169.46862260815 3.32678468568886e-06 78.7454210166738 1.30140195557957e-06
68000 3400000 169.635744481202 3.36707180313946e-06 78.8100217025769 1.30545175487861e-06
69000 3450000 169.803879619455 3.34644636838771e-06 78.8768184861366 1.35363251436595e-06
70000 3500000 169.970598435778 3.33242910575414e-06 78.944217730244 1.3369839983174e-06
71000 3550000 170.137319174298 3.34821293209802e-06 79.0105296776468 1.3189637916707e-06
72000 3600000 170.306387684155 3.41725383840823e-06 79.0780836382298 1.38580957093622e-06
73000 3650000 170.476726100944 3.38343699868448e-06 79.1462143293357 1.32099745058056e-06
74000 3700000 170.646490761531 3.40604704954906e-06 79.2116883017643 1.29998905419148e-06
75000 3750000 170.81699482419 3.40545673860549e-06 79.2772031789154 1.32237464544764e-06
76000 3800000 170.987714833395 3.43296774783733e-06 79.3434666584228 1.31834873764986e-06
77000 3850000 171.157777320372 3.34045134731313e-06 79.408763236363 1.30136425534116e-06
78000 3900000 171.322961094799 3.29991556827968e-06 79.473700053208 1.29583130486296e-06
79000 3950000 171.488834301906 3.34646410300514e-06 79.5379723424053 1.27388454345166e-06
80000 4000000 171.658179100748 3.39125682026207e-06 79.6015543920608 1.27008752647681e-06
81000 4050000 171.827040069108 3.36433286239232e-06 79.66499959649 1.25973706911659e-06
82000 4100000 171.994664281879 3.35472841091789e-06 79.7269439685738 1.21452612247218e-06
83000 4150000 172.16267995151 3.35204149465596e-06 79.7875625069471 1.23058148237988e-06
84000 4200000 172.330362728435 3.3653984504952e-06 79.8510293424354 1.29835872811851e-06
85000 4250000 172.497401531106 3.29525856688216e-06 79.9158827268873 1.28772168757489e-06
86000 4300000 172.660334076117 3.24145192265315e-06 79.9793855024258 1.24608477934594e-06
87000 4350000 172.823528743592 3.2727059727559e-06 80.041612630649 1.25949092366993e-06
88000 4400000 172.986711513808 3.27331472398188e-06 80.1055622674755 1.30564651784534e-06
89000 4450000 173.152483620448 3.35840098549042e-06 80.1709940647067 1.28676988406051e-06
90000 4500000 173.319919552517 3.31814214005689e-06 80.2330311724029 1.22082679852223e-06
91000 4550000 173.48626211426 3.35961631258834e-06 80.2952994213183 1.25974468954194e-06
92000 4600000 173.655376564684 3.3786253668681e-06 80.3583392232979 1.26593908913898e-06
93000 4650000 173.824202335889 3.38434864952154e-06 80.4238385018323 1.36000685667486e-06
94000 4700000 173.993170705015 3.37512985796471e-06 80.4923800549522 1.35865868392719e-06
95000 4750000 174.161730832267 3.36320836139492e-06 80.5579478024589 1.27664407859247e-06
96000 4800000 174.328093811865 3.30082550088618e-06 80.622319344379 1.31222755265557e-06
97000 4850000 174.493136414779 3.31864350329399e-06 80.6880365096756 1.3026326798358e-06
98000 4900000 174.660484843805 3.33123858371527e-06 80.7516440517125 1.23931459235282e-06
99000 4950000 174.824875940112 3.29923281090173e-06 80.8135816467995 1.26026318637539e-06
100000 5000000 174.991452460821 3.3510589144599e-06 80.8785025012084 1.33309558972251e-06
