# Fix print output for fix posit_out
0 0 41.6927932058259 1.02927156183297e-06 21.9630547270177 5.38882586869532e-07
1000 50000 41.7630302194248 1.33696104841354e-06 21.9919940232346 6.18242725159366e-07
2000 100000 41.8285904622161 1.30473088756588e-06 22.0237333867946 6.49067899676312e-07
3000 150000 41.8938414523602 1.30815863649048e-06 22.0563469317803 6.48956780295292e-07
4000 200000 41.95923565161 1.29752377134589e-06 22.0886101096005 6.46369931184427e-07
5000 250000 42.0239272652005 1.29460172725445e-06 22.1212750902694 6.6351326225338e-07
6000 300000 42.0888009853235 1.304983373119e-06 22.1546502488784 6.6703248462648e-07
7000 350000 42.1547753659545 1.33291169896895e-06 22.1880096883141 6.67337903361013e-07
8000 400000 42.2209533639484 1.30558908595063e-06 22.2212637792158 6.60711849790963e-07
9000 450000 42.285867307885 1.29267960291096e-06 22.2543465577716 6.61222806679418e-07
10000 500000 42.3499990278174 1.27798751440399e-06 22.287316601029 6.62113198535636e-07
11000 550000 42.4140588211887 1.28180131427214e-06 22.3207427608006 6.7206775006633e-07
12000 600000 42.4779862418064 1.26586703870007e-06 22.3544089098883 6.69770466448989e-07
13000 650000 42.5404917204602 1.24030114212971e-06 22.3875788608723 6.60243200059272e-07
14000 700000 42.6022743743978 1.23438553669358e-06 22.420537596919 6.55399311091036e-07
15000 750000 42.6639034446448 1.2321865594719e-06 22.4526734727292 6.32689053270332e-07
16000 800000 42.7258796054806 1.2453020733443e-06 22.484187131586 6.31499424407018e-07
17000 850000 42.7880798626175 1.24031792984721e-06 22.5159085757522 6.33718468253869e-07
18000 900000 42.850452719451 1.2589432931213e-06 22.5476801022616 6.42957905057378e-07
19000 950000 42.9134111310188 1.25428021926502e-06 22.5802572287516 6.53464554753997e-07
20000 1000000 42.9761308880844 1.25458799676976e-06 22.6127678547336 6.46600949944112e-07
21000 1050000 43.0389165915963 1.2609755887825e-06 22.6449253286717 6.4126221531424e-07
22000 1100000 43.1025845632038 1.28470261246765e-06 22.6773573969848 6.53707354696552e-07
23000 1150000 43.1668527214308 1.28350016634831e-06 22.7096319085524 6.32790602726972e-07
24000 1200000 43.2311385581092 1.29598725795223e-06 22.7410820873394 6.3441836325864e-07
25000 1250000 43.296538070434 1.31211739787265e-06 22.7734608565801 6.57604888487108e-07
26000 1300000 43.3621583716905 1.32118489175441e-06 22.8072563128066 6.99606152259103e-07
27000 1350000 43.4286791264427 1.32131419129197e-06 22.8427616935497 7.05883842119714e-07
28000 1400000 43.4939287524727 1.29273546367807e-06 22.8769931953261 6.62343306952491e-07
29000 1450000 43.5576879934433 1.2612484218572e-06 22.9093999791614 6.38786168784589e-07
30000 1500000 43.621208608085 1.28187646477317e-06 22.9413430558109 6.36895200464769e-07
31000 1550000 43.6855580808305 1.29495548478223e-06 22.9726927237053 6.19544961125371e-07
32000 1600000 43.7512580011379 1.33352820510447e-06 23.0037925996312 6.28899480381802e-07
33000 1650000 43.819165195475 1.38865016078359e-06 23.0356088498242 6.46456355649048e-07
34000 1700000 43.8893338652166 1.408402071885e-06 23.0682769516546 6.5470743035952e-07
35000 1750000 43.9592803506456 1.38763859704308e-06 23.1009955466516 6.5693907261035e-07
36000 1800000 44.0283571654762 1.3843660264212e-06 23.1341443969778 6.68464629071263e-07
37000 1850000 44.0982091647324 1.40879973784928e-06 23.1673298119039 6.50064873863466e-07
38000 1900000 44.1692220066998 1.42996879245655e-06 23.1991273090537 6.30479957024416e-07
39000 1950000 44.2404487240316 1.40556455102763e-06 23.2314660024343 6.63891293666234e-07
40000 2000000 44.3094858012467 1.36417300548163e-06 23.2649923026845 6.77115216164012e-07
41000 2050000 44.3774988038266 1.35642682524261e-06 23.2992654113175 6.95334097670334e-07
42000 2100000 44.4453529715628 1.3614413624632e-06 23.3342775861752 7.00047409275082e-07
43000 2150000 44.5136773184533 1.3647720967769e-06 23.3692488126694 7.00864851535574e-07
44000 2200000 44.5815873845291 1.3489279726169e-06 23.4042220356892 6.8982069957069e-07
45000 2250000 44.6485895368366 1.32906854778928e-06 23.4377732338011 6.57028694789636e-07
46000 2300000 44.714537641832 1.31794007908028e-06 23.4710251252138 6.75810665727017e-07
47000 2350000 44.7809681295918 1.33888530073965e-06 23.5048137218186 6.70563669575342e-07
48000 2400000 44.8475647277284 1.31421992187079e-06 23.5373854547495 6.27049288951472e-07
49000 2450000 44.9124602990615 1.28467576644518e-06 23.5684023119687 6.26663726118573e-07
50000 2500000 44.9761804569101 1.26798674123629e-06 23.6005570284123 6.56392373352188e-07
51000 2550000 45.0396358694805 1.26842046984255e-06 23.6336352943225 6.63190051955587e-07
52000 2600000 45.1029510658003 1.2657410709851e-06 23.6664927360141 6.48835567523393e-07
53000 2650000 45.1660618549226 1.25723751665516e-06 23.6988069199528 6.48390367300718e-07
54000 2700000 45.2292458601434 1.27582368474464e-06 23.7315418882078 6.60126890009769e-07
55000 2750000 45.2937057361103 1.2877014739513e-06 23.7644198786928 6.475618297704e-07
56000 2800000 45.3569792189854 1.25193130925815e-06 23.7959720685868 6.21506839999568e-07
57000 2850000 45.4194407776098 1.24216379656289e-06 23.8271927164942 6.25032767158536e-07
58000 2900000 45.4816441921862 1.25278200369507e-06 23.8586523920507 6.39507749025504e-07
59000 2950000 45.5444029117396 1.25574332286644e-06 23.891154396721 6.55698202596736e-07
60000 3000000 45.6072459328319 1.25444955505085e-06 23.9239755636084 6.53716029905692e-07
61000 3050000 45.6701357739344 1.26203588361482e-06 23.9562892550716 6.34418630013655e-07
62000 3100000 45.732394447805 1.21934858789462e-06 23.9866849364594 5.83445576200772e-07
63000 3150000 45.792394051311 1.19131181958707e-06 24.0156338093678 5.84688049817959e-07
64000 3200000 45.8522084150246 1.2078051123512e-06 24.0457705306456 6.21672792945702e-07
65000 3250000 45.9135053495659 1.23436837286095e-06 24.0773873690538 6.35883329791661e-07
66000 3300000 45.9755444201109 1.25128390735076e-06 24.1093103165413 6.42768222825348e-07
67000 3350000 46.0383183100495 1.25965753730718e-06 24.141192065433 6.31082061837523e-07
68000 3400000 46.101688145091 1.2709992892067e-06 24.1727400899018 6.32372827375779e-07
69000 3450000 46.1652066552287 1.28178198086044e-06 24.2045046808333 6.39633632615174e-07
70000 3500000 46.229841833619 1.28549442876506e-06 24.2365928021053 6.34953235837502e-07
71000 3550000 46.2933945316416 1.26198388276512e-06 24.2673297084224 5.97595121403509e-07
72000 3600000 46.3559652936999 1.24637036332667e-06 24.2968356492271 5.91181696859056e-07
73000 3650000 46.4189969189417 1.27607242901514e-06 24.3271876488892 6.26442698062379e-07
74000 3700000 46.4834474413276 1.29788942559554e-06 24.3593159404963 6.56379760606552e-07
75000 3750000 46.5483027220745 1.2925724187935e-06 24.3925883565657 6.68890633346293e-07
76000 3800000 46.6126425664436 1.29066715562166e-06 24.4256370282992 6.52124830645805e-07
77000 3850000 46.677506757949 1.29868337421123e-06 24.4581801523515 6.53149659953169e-07
78000 3900000 46.7422172122492 1.28722249283797e-06 24.4905786828735 6.37422709721347e-07
79000 3950000 46.8069197106432 1.30973205890939e-06 24.5222833225168 6.35744440640555e-07
80000 4000000 46.8726133801501 1.30732305866562e-06 24.5544690919657 6.55079195935081e-07
81000 4050000 46.9375662965205 1.29254148723301e-06 24.587593879549 6.6188924692796e-07
82000 4100000 47.0020206475812 1.29735987176137e-06 24.6202875339561 6.54650592576861e-07
83000 4150000 47.0678737283267 1.32586395377457e-06 24.6537615035338 6.83133080777096e-07
84000 4200000 47.1333468776003 1.28943458925181e-06 24.6880431631171 6.82550489105708e-07
85000 4250000 47.1972993800496 1.2776987321764e-06 24.7222820335955 6.93341838649358e-07
86000 4300000 47.2619088424173 1.30332978654107e-06 24.7570858908827 6.87868226118063e-07
87000 4350000 47.3270549250581 1.30850088067777e-06 24.790780186594 6.61791907672541e-07
88000 4400000 47.3925549297923 1.30781190132541e-06 24.8229411388089 6.2807230402639e-07
89000 4450000 47.4577225307142 1.30003065153004e-06 24.8545724665418 6.45768810383161e-07
90000 4500000 47.5228187504093 1.30521621893566e-06 24.8872781731896 6.56415523941986e-07
91000 4550000 47.5881445036347 1.30108072065093e-06 24.920139532514 6.56445990822224e-07
92000 4600000 47.652440456918 1.27436136224727e-06 24.9527911269529 6.51958324995084e-07
93000 4650000 47.7167658482498 1.31124286960897e-06 24.9856330413835 6.64921620246038e-07
94000 4700000 47.7831106217992 1.32833569746651e-06 25.0191113879544 6.71637945594202e-07
95000 4750000 47.8486855125606 1.30289090023296e-06 25.0520640297092 6.44501400707102e-07
96000 4800000 47.9136930110701 1.29257280110329e-06 25.0842493241798 6.47933837885149e-07
97000 4850000 47.9778525945824 1.27944841924787e-06 25.1168948346756 6.57021216521535e-07
98000 4900000 48.0419262781643 1.2795330581846e-06 25.1497057399858 6.50329363869963e-07
99000 4950000 48.1055183997471 1.2707123285136e-06 25.1818392910041 6.45230340215026e-07
100000 5000000 48.1691028858827 1.27204376636074e-06 25.2146930889883 6.6443965340743e-07
101000 5050000 48.2333352825041 1.29873742252263e-06 25.2478505863092 6.62759930786915e-07
102000 5100000 48.2980550948148 1.27845928699534e-06 25.2810256709104 6.60930936975373e-07
103000 5150000 48.3617860652848 1.28292435940052e-06 25.3142963127713 6.73738723892256e-07
104000 5200000 48.4262074055581 1.28522864131425e-06 25.3479014594859 6.6165535998894e-07
105000 5250000 48.4903578985355 1.28346873465268e-06 25.3803996114834 6.38811419164568e-07
106000 5300000 48.5546435962521 1.29484142016602e-06 25.4117467801562 6.194832035045e-07
107000 5350000 48.6201081352756 1.31788306410422e-06 25.4430386095099 6.32663250798071e-07
108000 5400000 48.6858722986773 1.31536854850786e-06 25.4744950834788 6.26446489775808e-07
109000 5450000 48.7518476059075 1.32116472683222e-06 25.5058610679328 6.27421325701084e-07
110000 5500000 48.8176085771077 1.30623144511801e-06 25.5373442785643 6.30399949169143e-07
111000 5550000 48.8830701670824 1.32116730155438e-06 25.5691179842635 6.42217788155615e-07
112000 5600000 48.9492568694427 1.31725230787908e-06 25.6016513039224 6.60756515878308e-07
113000 5650000 49.0148111472793 1.3068862255507e-06 25.6354114138747 6.84813702868114e-07
114000 5700000 49.0806726048633 1.33721186526486e-06 25.6696779894932 6.86889678401425e-07
115000 5750000 49.1481988172059 1.3562057763655e-06 25.7037530025251 6.72284523192006e-07
116000 5800000 49.2160314234293 1.35866137678433e-06 25.7373723812678 6.77996319015903e-07
117000 5850000 49.2840897610515 1.35676119301715e-06 25.7713961157734 6.78621094370992e-07
118000 5900000 49.351764302291 1.35386080044289e-06 25.8050403727782 6.68564931701584e-07
119000 5950000 49.4196296424643 1.36458870828397e-06 25.8389082460888 6.90586285270297e-07
120000 6000000 49.4888590332269 1.40328100722335e-06 25.8740176591863 7.11946012663212e-07
121000 6050000 49.5589153479469 1.39476419992076e-06 25.9092623877291 6.90750196962638e-07
122000 6100000 49.6281885656152 1.37571773672394e-06 25.9432006300785 6.70494936469561e-07
123000 6150000 49.6964659711517 1.35444362416022e-06 25.9769254521156 6.82358610326347e-07
124000 6200000 49.7638154206853 1.34263847249891e-06 26.0111160182162 6.75457559761746e-07
125000 6250000 49.8310638634122 1.35334227975523e-06 26.0439676297606 6.4159096850561e-07
126000 6300000 49.89910812393 1.36491752870796e-06 26.075851009715 6.38407258130264e-07
127000 6350000 49.9675969319583 1.37012584081785e-06 26.1080871960266 6.49292518419818e-07
128000 6400000 50.0355594665086 1.34196364933458e-06 26.1406604528251 6.55073523036005e-07
129000 6450000 50.1017175421315 1.3082226426277e-06 26.1738525398203 6.73925054642983e-07
130000 6500000 50.1662864732949 1.27258630962538e-06 26.2074397231211 6.61770482059462e-07
131000 6550000 50.2292604817931 1.2472977899284e-06 26.2398201053961 6.31515409999643e-07
132000 6600000 50.2915192474246 1.25102791925781e-06 26.2710162150832 6.23688447101348e-07
133000 6650000 50.3543402198535 1.25535422016864e-06 26.3021330916562 6.17395428305365e-07
134000 6700000 50.4175969079241 1.2799491751145e-06 26.3333695732665 6.39966085510068e-07
135000 6750000 50.4816145822621 1.27792215555576e-06 26.3660883325111 6.65797444670904e-07
136000 6800000 50.5455530596593 1.27377318055927e-06 26.3995600635737 6.68175516054526e-07
137000 6850000 50.6087593165127 1.26334178655019e-06 26.4328138477063 6.63088510497507e-07
138000 6900000 50.6721233225227 1.25905260346405e-06 26.4656874607973 6.45589327805042e-07
139000 6950000 50.7345242129007 1.24387538739956e-06 26.4974593314125 6.29012325567005e-07
140000 7000000 50.7966127190455 1.24950123440459e-06 26.5285872086259 6.21432554352121e-07
141000 7050000 50.8601024384103 1.28719755792503e-06 26.5602791618379 6.449127336599e-07
142000 7100000 50.9249139076697 1.30226730868913e-06 26.5925724158759 6.46094744931002e-07
143000 7150000 50.9900650266822 1.30399315169522e-06 26.6251008964685 6.58959549492917e-07
144000 7200000 51.0552831977245 1.30662784487077e-06 26.6582519635955 6.63387856577731e-07
145000 7250000 51.1205461947056 1.30177572425969e-06 26.69119458757 6.46870668227256e-07
146000 7300000 51.1857239964072 1.30491893434352e-06 26.72358906912 6.61193631420283e-07
147000 7350000 51.2504690916556 1.28383202035201e-06 26.7573522965448 6.80194485519471e-07
148000 7400000 51.314132920098 1.25652449476569e-06 26.790866447525 6.57259111378944e-07
149000 7450000 51.3763707046827 1.24756519908338e-06 26.8230647604931 6.35568705420605e-07
150000 7500000 51.439979806134 1.29079974496073e-06 26.8550893500401 6.42818657797391e-07
151000 7550000 51.5042081141517 1.27751266852442e-06 26.8867353792652 6.25451897456392e-07
152000 7600000 51.5680830051348 1.27996304958434e-06 26.9180216485083 6.27595513155041e-07
153000 7650000 51.6329599228814 1.31820846728533e-06 26.9498652338643 6.53711525617381e-07
154000 7700000 51.6993022600703 1.32784695104772e-06 26.9837518165825 6.99659632163206e-07
155000 7750000 51.7658106087421 1.3279971726168e-06 27.0190190539647 7.02265451294088e-07
156000 7800000 51.8321173949842 1.3352729620565e-06 27.0537378965575 6.90603702635334e-07
157000 7850000 51.899238178268 1.34670446339773e-06 27.0885206493674 7.05687461356877e-07
158000 7900000 51.9663763214458 1.3316063761836e-06 27.124163425484 7.15268322681386e-07
159000 7950000 52.0322943531382 1.30715450788544e-06 27.160033665824 7.2137806281858e-07
160000 8000000 52.0974031330315 1.2965946654858e-06 27.1959682497864 7.10548428827064e-07
161000 8050000 52.1616089941478 1.27745682232872e-06 27.2309382110119 6.89430906112004e-07
162000 8100000 52.2258016990652 1.29289264429449e-06 27.2649737156995 6.74311244567228e-07
163000 8150000 52.291179471856 1.32237882158231e-06 27.2987058123557 6.75068371739739e-07
164000 8200000 52.3581751252131 1.34957924023053e-06 27.3324523695028 6.74171257243232e-07
165000 8250000 52.4247170098565 1.30618100636185e-06 27.3655432393527 6.46421550598258e-07
166000 8300000 52.4892089539632 1.27706546851572e-06 27.3975606477351 6.39289245799373e-07
167000 8350000 52.5522527883019 1.24380149016103e-06 27.4296809519951 6.45127865533422e-07
168000 8400000 52.6144814822185 1.26158843775289e-06 27.4622266301363 6.63474696778096e-07
169000 8450000 52.6788247139431 1.31018700795224e-06 27.4958107283931 6.734799172196e-07
170000 8500000 52.7454626408704 1.34782414012305e-06 27.5294070402915 6.70650872397256e-07
171000 8550000 52.8127808577278 1.34630687336204e-06 27.5629797281704 6.69502481976366e-07
172000 8600000 52.8793246704896 1.30902934602896e-06 27.5961895913378 6.62394811773806e-07
173000 8650000 52.944121637172 1.28837927266597e-06 27.6294175333083 6.6408636790916e-07
174000 8700000 53.0084725072828 1.28364570186312e-06 27.6624414908277 6.57688823570071e-07
175000 8750000 53.0726808489152 1.28399078761679e-06 27.6955258484168 6.6375704627587e-07
176000 8800000 53.13716546334 1.29958630754845e-06 27.7287155798353 6.67017542773373e-07
177000 8850000 53.2022666387585 1.29970567337527e-06 27.7622527122373 6.73394230910533e-07
178000 8900000 53.2667545167508 1.27631550246168e-06 27.7958972716517 6.67947762714608e-07
179000 8950000 53.330165238178 1.26155222684834e-06 27.8287030008936 6.43058807659894e-07
180000 9000000 53.3928840772309 1.25027911545017e-06 27.8600804590973 6.12284288109166e-07
181000 9050000 53.4559596700505 1.28107012659691e-06 27.890521489233 6.11409772526681e-07
182000 9100000 53.5209954405923 1.31642707037743e-06 27.9213549798565 6.2421855876749e-07
183000 9150000 53.5873546707883 1.33298166272604e-06 27.9531769127663 6.44415786458563e-07
184000 9200000 53.6541116256288 1.32993493291025e-06 27.9850929758886 6.28244594880761e-07
185000 9250000 53.7198426364132 1.30010059584723e-06 28.0159478112822 6.07924328422199e-07
186000 9300000 53.7839110716346 1.26248591332674e-06 28.0464390396588 6.1544003504828e-07
187000 9350000 53.8467541204382 1.2611002137457e-06 28.0773095078833 6.14691851194885e-07
188000 9400000 53.9105666406273 1.28533691284471e-06 28.1077603724938 6.05641971718619e-07
189000 9450000 53.974969994132 1.2933229774404e-06 28.1385277627341 6.28227095118556e-07
190000 9500000 54.0400175902318 1.30841640793808e-06 28.1698604399008 6.21586934137369e-07
191000 9550000 54.1054002931323 1.30617143675904e-06 28.2008227818119 6.19883644162623e-07
192000 9600000 54.1710574365938 1.32574994778867e-06 28.2320401148971 6.30933133539561e-07
193000 9650000 54.2379491030831 1.34607815874616e-06 28.2640115315114 6.44519610774376e-07
194000 9700000 54.3053990731054 1.34465859196919e-06 28.296400124472 6.52863002489247e-07
195000 9750000 54.3712486829098 1.29100759441831e-06 28.3292466347892 6.59603281818704e-07
196000 9800000 54.4353856842343 1.28058166301969e-06 28.3622424219023 6.55122233224475e-07
197000 9850000 54.4996752183477 1.28968557724734e-06 28.3945123433496 6.35447727914672e-07
198000 9900000 54.5643073817568 1.29842738163497e-06 28.4258363867038 6.23495937354088e-07
199000 9950000 54.6294727048987 1.30018246341592e-06 28.4570434477478 6.1823679599298e-07
200000 10000000 54.694841627404 1.32570751347335e-06 28.4876313899381 6.07881068868929e-07
201000 10050000 54.7621151996191 1.35848199706055e-06 28.517929987678 6.0321526489856e-07
202000 10100000 54.8295633904226 1.33240132627925e-06 28.5478861404946 5.9546529472656e-07
203000 10150000 54.8953882069015 1.29924946898044e-06 28.5771990995453 5.76115048809919e-07
204000 10200000 54.9596530056759 1.27721836389362e-06 28.6057695621206 5.70036233033203e-07
205000 10250000 55.0238022589436 1.2931882706778e-06 28.6345627784803 5.8466332789729e-07
206000 10300000 55.0889327539345 1.31325169638183e-06 28.6642191853156 6.02598519136279e-07
207000 10350000 55.1553002955605 1.33985810015719e-06 28.6946324908733 6.07274575753564e-07
208000 10400000 55.2227178389336 1.35528260108773e-06 28.7249486015905 6.12006797773608e-07
209000 10450000 55.2907564646589 1.35949792189597e-06 28.7557493197894 6.14720486767892e-07
210000 10500000 55.3584191816152 1.34882074763443e-06 28.7858888663519 5.86464172587649e-07
211000 10550000 55.4258173912922 1.34433338852521e-06 28.8146075285787 5.7004479636854e-07
212000 10600000 55.4929433467049 1.34127336301232e-06 28.8433116709964 5.75750494155597e-07
213000 10650000 55.559516579608 1.33021139988092e-06 28.87215024998 5.77546609617823e-07
214000 10700000 55.6270481695701 1.36838203646492e-06 28.9019642623722 6.21250896891467e-07
215000 10750000 55.695745982967 1.38536923408468e-06 28.9337196351973 6.44100124213898e-07
216000 10800000 55.7654012818984 1.3935272519212e-06 28.9656224382704 6.22851034164624e-07
217000 10850000 55.8350213886084 1.38968219508731e-06 28.996060960397 6.06739772693462e-07
218000 10900000 55.9044836671685 1.3874338313114e-06 29.0270329964356 6.34920505839293e-07
219000 10950000 55.973247721871 1.36972419531884e-06 29.0591931750458 6.42067344123983e-07
220000 11000000 56.042308788925 1.38604807529239e-06 29.0910222394529 6.31121921065543e-07
221000 11050000 56.1108150080884 1.35668487642552e-06 29.1223032407974 6.22107026427085e-07
222000 11100000 56.1780447386363 1.32980675174795e-06 29.1530913082645 6.07039840158657e-07
223000 11150000 56.2435411744372 1.28255675343528e-06 29.1831319973323 5.94127144741697e-07
224000 11200000 56.3062110412613 1.23750134950864e-06 29.2121813251929 5.70673772702588e-07
225000 11250000 56.3684560526498 1.25331499092265e-06 29.2405879363873 5.66345197987346e-07
226000 11300000 56.4314704450596 1.27041348770217e-06 29.2685938161366 5.49800139007369e-07
227000 11350000 56.4957960160335 1.30734097022268e-06 29.2959252202941 5.51442211457589e-07
228000 11400000 56.5624178757199 1.34797503384281e-06 29.3238681791814 5.64738636897479e-07
229000 11450000 56.6295393358968 1.33718467823912e-06 29.3525976955595 5.83882005256808e-07
230000 11500000 56.6960803304131 1.32792571756121e-06 29.3818633292144 5.90193489915757e-07
231000 11550000 56.76271637967 1.33888090293154e-06 29.4118369664489 6.09188301686146e-07
232000 11600000 56.8304755685916 1.37082085162684e-06 29.442991326626 6.34707255330675e-07
233000 11650000 56.8988857172927 1.36071371314232e-06 29.4751727890932 6.55683444500699e-07
234000 11700000 56.9668362699455 1.3594824158862e-06 29.5088247597576 6.90520750045746e-07
235000 11750000 57.0341841711976 1.32632831607841e-06 29.5432074641043 6.73866020045573e-07
236000 11800000 57.099561437033 1.30109903173049e-06 29.5760075386661 6.42146537960484e-07
237000 11850000 57.1653801837321 1.32935010740922e-06 29.6081148223991 6.43972382108389e-07
238000 11900000 57.2319669645181 1.33012170559236e-06 29.6405456930009 6.55083953583586e-07
239000 11950000 57.2983760392263 1.3243014801591e-06 29.6734541944264 6.53379181109686e-07
240000 12000000 57.3639334855242 1.29845625190244e-06 29.704955110202 6.07028634884518e-07
241000 12050000 57.4282403871386 1.2811602075884e-06 29.7346754288224 5.82463273745845e-07
242000 12100000 57.4925698513867 1.28468265635116e-06 29.7635679130114 5.80041510862758e-07
243000 12150000 57.5559288280116 1.24855134005994e-06 29.7930372883781 5.99826330737556e-07
244000 12200000 57.6178486298875 1.23334488371029e-06 29.8235135034226 6.21826465257177e-07
245000 12250000 57.6797514647338 1.24392805396591e-06 29.8553528466827 6.45450308323958e-07
246000 12300000 57.7417176820858 1.2302889397174e-06 29.8874479179233 6.35101512120065e-07
247000 12350000 57.8034710806495 1.25291239161953e-06 29.9189997946881 6.29966250104585e-07
248000 12400000 57.8669251436017 1.2761391150107e-06 29.9502253740731 6.17890594724653e-07
249000 12450000 57.9310111738777 1.29064593983638e-06 29.9810925493922 6.20000455192954e-07
250000 12500000 57.9958892193057 1.30775565937534e-06 30.0128482740477 6.55608610917833e-07
251000 12550000 58.0618416478861 1.32530269172346e-06 30.0465134656443 6.86017037056874e-07
252000 12600000 58.1278133700719 1.31009433050461e-06 30.080893128993 6.86383011489139e-07
253000 12650000 58.1926365387868 1.28756873902944e-06 30.1150294977685 6.79952713557617e-07
254000 12700000 58.257542017368 1.31597530194964e-06 30.1490420876199 6.8491670508077e-07
255000 12750000 58.3242263310677 1.34652745703614e-06 30.1836968975345 6.98243000991084e-07
256000 12800000 58.3912363962172 1.33144736371963e-06 30.2181482084471 6.79081049922789e-07
257000 12850000 58.457670507263 1.3209847079953e-06 30.2518212738659 6.69235246888406e-07
258000 12900000 58.5232478525435 1.30825681736205e-06 30.2852024388861 6.67853971217809e-07
259000 12950000 58.5885346096072 1.30067761711241e-06 30.3185718813692 6.66690695598538e-07
260000 13000000 58.6530837217452 1.27678196242619e-06 30.3519316179712 6.67996634329791e-07
261000 13050000 58.7157402410323 1.23588217699646e-06 30.385197519277 6.61395048356853e-07
262000 13100000 58.7775734375424 1.23988911221039e-06 30.4178935411646 6.46535027587489e-07
263000 13150000 58.8394472239038 1.22948087509962e-06 30.4498432763026 6.29835923716613e-07
264000 13200000 58.8996918805915 1.17690136694763e-06 30.4806661802905 6.00282096723167e-07
265000 13250000 58.9577901896918 1.15777965237454e-06 30.5103108941105 5.9214530984544e-07
266000 13300000 59.0163832515382 1.19111313141938e-06 30.5403046545952 6.06777931356869e-07
267000 13350000 59.0769230500031 1.23236108557311e-06 30.570710201417 6.0733369394792e-07
268000 13400000 59.1390015796057 1.23251544276656e-06 30.6010629929937 6.02121075242114e-07
269000 13450000 59.2002636684707 1.23397828322053e-06 30.6309747334672 6.01178929745395e-07
270000 13500000 59.2630664515774 1.27886831908069e-06 30.6614156754905 6.16933781103038e-07
271000 13550000 59.3280682513739 1.32007538705877e-06 30.6924971432733 6.26771032667776e-07
272000 13600000 59.3942037701662 1.32333623370288e-06 30.7240759179388 6.30729467601066e-07
273000 13650000 59.4601869933206 1.31160527439432e-06 30.7552344611375 6.16004080586396e-07
274000 13700000 59.5258424465346 1.31561585141848e-06 30.7864362968516 6.3239151119487e-07
275000 13750000 59.5915146497208 1.31304171265453e-06 30.8181477244001 6.37608439013727e-07
276000 13800000 59.6572159542356 1.31326283116479e-06 30.8502677498057 6.46007349841788e-07
277000 13850000 59.7220439830938 1.27655921024226e-06 30.8822803864496 6.28919771269539e-07
278000 13900000 59.7859619888476 1.28497843206527e-06 30.9135240939967 6.22529060265841e-07
279000 13950000 59.850025588097 1.27067065293935e-06 30.9441517383787 5.96418447888417e-07
280000 14000000 59.9126544849956 1.23796654723507e-06 30.9728409904243 5.56020864294498e-07
281000 14050000 59.9743264250738 1.23085609150094e-06 31.0008936837763 5.77644009360249e-07
282000 14100000 60.0361823056114 1.25217223045659e-06 31.0305174193092 5.96122451048163e-07
283000 14150000 60.0993445653802 1.2629952872257e-06 31.060141406192 5.94387944506356e-07
284000 14200000 60.1615704402748 1.23649554823387e-06 31.0901405633962 6.08497102856129e-07
285000 14250000 60.2240092071575 1.26109389666119e-06 31.1213106350816 6.37372487732727e-07
286000 14300000 60.2874021171002 1.27402947973963e-06 31.1538166768956 6.63872777746566e-07
287000 14350000 60.3508388901527 1.26505505310702e-06 31.1869524740433 6.56166752051059e-07
288000 14400000 60.4140553702735 1.2600211558172e-06 31.2190677488821 6.25597341360932e-07
289000 14450000 60.4771762440391 1.27429529814105e-06 31.2500139705602 6.19488337159916e-07
290000 14500000 60.54230726752 1.32885421661224e-06 31.2816107197441 6.47439692330358e-07
291000 14550000 60.6089688094221 1.33573423804146e-06 31.3144759877589 6.65402338316079e-07
292000 14600000 60.6762782222975 1.36109371466327e-06 31.3481764635194 6.83053851525534e-07
293000 14650000 60.7449757024586 1.37972108809777e-06 31.3828489774026 6.95881961467917e-07
294000 14700000 60.8138465744568 1.37826892166588e-06 31.4174122697676 6.92372848520067e-07
295000 14750000 60.883161472425 1.38969936305451e-06 31.4522157837728 6.97950532482079e-07
296000 14800000 60.952387578004 1.38048447049538e-06 31.4872447975889 7.01790103796455e-07
297000 14850000 61.0203818867352 1.33047458755924e-06 31.5218608910948 6.75773779911473e-07
298000 14900000 61.0857308945493 1.28697082766107e-06 31.5546351669559 6.3512503919339e-07
299000 14950000 61.149492752364 1.27313303483037e-06 31.5858237539505 6.22824527716303e-07
300000 15000000 61.2139170159524 1.30626239216869e-06 31.6174820281576 6.43253580516322e-07
