# Fix print output for fix posit_out
0 0 143.355571480519 2.64204809430855e-06 68.1493748733138 1.11414066336157e-06
1000 50000 143.505780644418 2.94041012648503e-06 68.2068844849629 1.18522313993023e-06
2000 100000 143.653909605 2.99489300659858e-06 68.2670791011761 1.22744112676151e-06
3000 150000 143.804334005398 3.00842268184278e-06 68.3304456779964 1.29468554937964e-06
4000 200000 143.954886131814 3.01278475342047e-06 68.394849000811 1.28061686971335e-06
5000 250000 144.103719087998 2.92371287818351e-06 68.4588604679188 1.28122134297726e-06
6000 300000 144.249151308517 2.91521868148074e-06 68.5236658925708 1.30327158480427e-06
7000 350000 144.394231713118 2.89665597970232e-06 68.5891608372364 1.31994680727344e-06
8000 400000 144.540305302522 2.95516545452921e-06 68.654129316635 1.26796682038515e-06
9000 450000 144.689465670381 3.00642786711244e-06 68.7175157942669 1.29093615533394e-06
10000 500000 144.838459186858 2.93865928905107e-06 68.7829634920709 1.3128918063387e-06
11000 550000 144.984431888142 2.92130315596852e-06 68.8487794544628 1.31589774831718e-06
12000 600000 145.132450339099 2.99850936537346e-06 68.914529362451 1.32504174551077e-06
13000 650000 145.281674164371 2.97290754382415e-06 68.9805746603316 1.31674636033449e-06
14000 700000 145.429943242403 2.95251179417448e-06 69.0466015023771 1.31294082787296e-06
15000 750000 145.576974112113 2.92578559947545e-06 69.1115923920886 1.29360289544688e-06
16000 800000 145.724199557401 2.96877844003379e-06 69.1767466307341 1.31978668875747e-06
17000 850000 145.871907947354 2.92283376250857e-06 69.2434549205022 1.33662961345552e-06
18000 900000 146.017025166382 2.89344896751316e-06 69.3097512231188 1.31115268138205e-06
19000 950000 146.162776616337 2.95124082944257e-06 69.3742948661478 1.28390054721272e-06
20000 1000000 146.310606371337 2.93186568305157e-06 69.4389997259913 1.28453267648374e-06
21000 1050000 146.456493603941 2.9301050390113e-06 69.5022253948008 1.26052766223855e-06
22000 1100000 146.604407312053 2.96470678062546e-06 69.5652896171328 1.24384821857064e-06
23000 1150000 146.752876431255 2.98097245337604e-06 69.6269769700535 1.23110530104787e-06
24000 1200000 146.901721559507 2.97655999981677e-06 69.6883013424064 1.24078405373661e-06
25000 1250000 147.050760081362 2.98592049581243e-06 69.7512322982555 1.26398407574646e-06
26000 1300000 147.200487426653 3.00123819652113e-06 69.8147075381976 1.2759642899163e-06
27000 1350000 147.351000238895 3.02987351258849e-06 69.878432712982 1.28063405941084e-06
28000 1400000 147.502015795806 2.97535439123848e-06 69.943411207555 1.30393767381895e-06
29000 1450000 147.649625373907 2.9425850446152e-06 70.0079806928344 1.27233989785239e-06
30000 1500000 147.797916771463 3.00309382501163e-06 70.0704806133617 1.23654511069402e-06
31000 1550000 147.950545318189 3.08654989467632e-06 70.1327087900838 1.24093143946148e-06
32000 1600000 148.103876628431 3.04543435245758e-06 70.1940009913595 1.20417103040724e-06
33000 1650000 148.256576518352 3.05938476146826e-06 70.2531617776085 1.18424758713774e-06
34000 1700000 148.407846500413 2.98717719689128e-06 70.3127925088229 1.17682151720274e-06
35000 1750000 148.555363187883 2.9197105145941e-06 70.3705270881224 1.14616727864659e-06
36000 1800000 148.702619252589 2.99214232384075e-06 70.4286992668245 1.18604871210974e-06
37000 1850000 148.854347477503 3.05999810569555e-06 70.4892382994841 1.23156482109921e-06
38000 1900000 149.00593963075 3.00648439477208e-06 70.55146368416 1.2450682320728e-06
39000 1950000 149.156298215638 3.0077823988814e-06 70.6123696475095 1.1849538415843e-06
40000 2000000 149.306467651232 2.98638203836355e-06 70.6705281695689 1.14647743133351e-06
41000 2050000 149.454728257729 2.96597084486417e-06 70.7284059717627 1.18300262479799e-06
42000 2100000 149.60475015486 3.03045932532339e-06 70.7882547618817 1.18611496549935e-06
43000 2150000 149.756760575298 3.04707171763445e-06 70.8471679893052 1.19016844850474e-06
44000 2200000 149.908787081344 3.00448232823199e-06 70.9076935804212 1.21555947944871e-06
45000 2250000 150.057204714767 2.93570460454555e-06 70.9677959430314 1.19359608045984e-06
46000 2300000 150.203543634695 2.92581145455425e-06 71.0273819980835 1.1922466288131e-06
47000 2350000 150.351244017779 2.98928555360716e-06 71.0870178327584 1.19026627602475e-06
48000 2400000 150.503137027133 3.06900604280954e-06 71.1465445672901 1.18333995402317e-06
49000 2450000 150.655915371122 3.05286905240456e-06 71.2044730067203 1.14802340314595e-06
50000 2500000 150.807838318795 3.01826182834678e-06 71.2623338509531 1.15985910700883e-06
51000 2550000 150.958280374143 3.00902510862239e-06 71.3197005108451 1.13089974583803e-06
52000 2600000 151.108180644237 2.97405643339728e-06 71.3757047525434 1.11217195072764e-06
53000 2650000 151.255026437698 2.92026051712436e-06 71.4316686799786 1.13680205874689e-06
54000 2700000 151.401575446756 2.93670593010327e-06 71.4893908856344 1.16832677014043e-06
55000 2750000 151.548217475772 2.93130305404445e-06 71.5489570961049 1.19892733182602e-06
56000 2800000 151.694405812705 2.92195653556236e-06 71.6079000762851 1.16818754993824e-06
57000 2850000 151.841113015158 2.94595057440065e-06 71.6670718561529 1.1923125033376e-06
58000 2900000 151.989273165701 2.99557850878478e-06 71.7269818667699 1.21956750846843e-06
59000 2950000 152.138701210487 2.9804116769591e-06 71.7875966347087 1.19358099616404e-06
60000 3000000 152.288590902293 3.00411212870397e-06 71.8465573421723 1.1822958107534e-06
61000 3050000 152.438812150074 2.99979609547258e-06 71.9059701656096 1.18391816390923e-06
62000 3100000 152.5884371378 2.98731208382829e-06 71.9649930145835 1.18248925539603e-06
63000 3150000 152.736774239754 2.9502767573181e-06 72.0236521979699 1.1603555094335e-06
64000 3200000 152.885156255144 3.00243869611977e-06 72.0823404913485 1.19901952041339e-06
65000 3250000 153.036339541163 3.01818591074965e-06 72.1433423358528 1.21801628811611e-06
66000 3300000 153.187678618592 3.06195102717809e-06 72.2037724109588 1.21559025627015e-06
67000 3350000 153.341040843343 3.05137527274251e-06 72.264679938287 1.2116371488691e-06
68000 3400000 153.492126393829 2.98810186027045e-06 72.3257311000977 1.22205410695136e-06
69000 3450000 153.640863171614 2.95606639399151e-06 72.386162638335 1.21377463201119e-06
70000 3500000 153.788527512535 2.98072952824699e-06 72.4490226853657 1.29917618233312e-06
71000 3550000 153.940567983056 3.08343989231353e-06 72.5150902368209 1.33429923908696e-06
72000 3600000 154.093804759971 3.03338717604427e-06 72.5820946181707 1.33863481407449e-06
73000 3650000 154.243408044294 2.9695474936737e-06 72.6474098890317 1.27613350885574e-06
74000 3700000 154.392332944167 2.9932177052202e-06 72.7090231302357 1.19278029838782e-06
75000 3750000 154.542943095043 3.02759393273898e-06 72.7692636611046 1.22606239515217e-06
76000 3800000 154.694282360139 3.0133237707527e-06 72.8307982327377 1.23083904777597e-06
77000 3850000 154.843993621323 2.97636406328721e-06 72.8941382603342 1.2955950275374e-06
78000 3900000 154.992702470209 2.98105303821415e-06 72.9581915944832 1.27281712032622e-06
79000 3950000 155.141405438261 2.95878711060507e-06 73.0219886137614 1.27877199273595e-06
80000 4000000 155.289101734296 2.96593603832715e-06 73.0857636942954 1.28625753915854e-06
81000 4050000 155.4372544419 2.94447565106564e-06 73.150589358832 1.30359590069669e-06
82000 4100000 155.583933180999 2.934421015929e-06 73.2154212918559 1.27595305174618e-06
83000 4150000 155.73196967015 2.97623066252658e-06 73.2787670316407 1.27191931311261e-06
84000 4200000 155.880912078176 2.98769457204237e-06 73.3426701923558 1.28197662938457e-06
85000 4250000 156.02946991086 2.94503601808937e-06 73.406352698989 1.26552661545528e-06
86000 4300000 156.176052494357 2.92562734787853e-06 73.4696588468595 1.27003460975838e-06
87000 4350000 156.322558211047 2.9458034678411e-06 73.5332849554863 1.2682735620698e-06
88000 4400000 156.470874953553 2.96728283347732e-06 73.5960929094823 1.24236407226091e-06
89000 4450000 156.618853272013 2.96566264116511e-06 73.6584183189937 1.26971303162307e-06
90000 4500000 156.767088522342 2.95611098226764e-06 73.7225484197711 1.27056962990656e-06
91000 4550000 156.914276561353 2.94778143024072e-06 73.7845535480996 1.2300832623331e-06
92000 4600000 157.061748874699 2.94510738767098e-06 73.8462784785898 1.23364126342559e-06
93000 4650000 157.209413336711 2.97223857553876e-06 73.908150110796 1.24464686084199e-06
94000 4700000 157.358842739554 3.00193162531913e-06 73.9705591814098 1.24718886446917e-06
95000 4750000 157.509058810819 2.99928377339378e-06 74.0333638684604 1.26619761207184e-06
96000 4800000 157.657783819776 2.94834981525519e-06 74.0958867595045 1.23924669635957e-06
97000 4850000 157.80410646689 2.89903734867875e-06 74.1585013459349 1.26058823558489e-06
98000 4900000 157.94934064214 2.93886465685943e-06 74.2216161800677 1.26967432340325e-06
99000 4950000 158.098745097308 3.03122894884192e-06 74.285132117137 1.27005340567748e-06
100000 5000000 158.25065205467 3.02271545501302e-06 74.3487517008751 1.25749929079236e-06
