# Fix print output for fix posit_out
0 0 2.46935251368753 6.7346470118982e-08 1.2503740918427 2.9265289976553e-08
1000 50000 2.4914042911274 3.61857633972254e-07 1.25411794649703 1.14329014937292e-07
2000 100000 2.50705078234907 2.77480994707409e-07 1.26024931693049 1.24827554183939e-07
3000 150000 2.519867543627 2.40254924743958e-07 1.26638317747357 1.20602191103697e-07
4000 200000 2.53151226464705 2.29479243766508e-07 1.27239530774038 1.21270037812218e-07
5000 250000 2.54312861470765 2.37430492095247e-07 1.27866270584681 1.30731452884917e-07
6000 300000 2.55527814021778 2.47174307949798e-07 1.28537525179114 1.35092748663434e-07
7000 350000 2.56782059194703 2.55059658792736e-07 1.2920676789779 1.33739672125505e-07
8000 400000 2.5808059430405 2.62725813432753e-07 1.29885777636121 1.38435827120448e-07
9000 450000 2.59406978811343 2.69707619322725e-07 1.30599376906288 1.47292478586741e-07
10000 500000 2.60787226909682 2.817698608606e-07 1.31359221371724 1.56298404394968e-07
11000 550000 2.62215310422094 2.87688709905464e-07 1.32154319434405 1.60970366240693e-07
12000 600000 2.63647760445409 2.84889870759952e-07 1.32954622971049 1.57725022950187e-07
13000 650000 2.65072658832924 2.86478154115272e-07 1.33733017900068 1.54418326532887e-07
14000 700000 2.66516833732929 2.90409436005686e-07 1.34496525842123 1.50800486380048e-07
15000 750000 2.67958236124787 2.84675725825988e-07 1.35237237149481 1.45576599885417e-07
16000 800000 2.6937150005515 2.851260085979e-07 1.3597772271422 1.53332595532923e-07
17000 850000 2.70851879817524 3.07165658462874e-07 1.36780890341975 1.67001735706005e-07
18000 900000 2.72422519050249 3.18641538242823e-07 1.37639783302086 1.7619697492845e-07
19000 950000 2.74027576699417 3.22085709173035e-07 1.38540077590761 1.81795025311185e-07
20000 1000000 2.75630350469025 3.20189287181863e-07 1.39434649633756 1.76265043644543e-07
21000 1050000 2.77247915821892 3.28054372401073e-07 1.40306192839337 1.72487807703081e-07
22000 1100000 2.78911843341618 3.37831351675848e-07 1.41167479074393 1.72442228017745e-07
23000 1150000 2.80595994475497 3.33346877066376e-07 1.42022577122435 1.69201493518292e-07
24000 1200000 2.82261621827423 3.36108173221087e-07 1.42868563274781 1.69798195204614e-07
25000 1250000 2.83975518212999 3.48320793516054e-07 1.43711275135069 1.66370270789279e-07
26000 1300000 2.85731913775456 3.53689320616672e-07 1.44558275504019 1.7475399667769e-07
27000 1350000 2.87508124192096 3.56127423147174e-07 1.45463415491259 1.87697773642094e-07
28000 1400000 2.89283513910268 3.56041366700096e-07 1.46423246138722 1.95513414684476e-07
29000 1450000 2.91083221083131 3.59829076717064e-07 1.47411193925327 1.94929980487517e-07
30000 1500000 2.92857656816117 3.50763097220155e-07 1.48337939559504 1.7577967453492e-07
31000 1550000 2.94603682485472 3.49868746831679e-07 1.4917461694215 1.58935923664517e-07
32000 1600000 2.96364694883666 3.51643987287419e-07 1.49942445454076 1.50267987405534e-07
33000 1650000 2.98107080403365 3.46823407437349e-07 1.50689630001194 1.49467867636441e-07
34000 1700000 2.99850555099414 3.51502762274899e-07 1.51438337429577 1.50104973831575e-07
35000 1750000 3.01642041794666 3.66453568363713e-07 1.52210298043122 1.60446792219195e-07
36000 1800000 3.03514419893407 3.80658018213289e-07 1.53041636543306 1.71705698953932e-07
37000 1850000 3.05419574908914 3.798063104721e-07 1.53925807123466 1.80816092692278e-07
38000 1900000 3.0729266791809 3.6836115216635e-07 1.54846544370683 1.86397854890691e-07
39000 1950000 3.09122607899604 3.65497841296289e-07 1.55780193604756 1.89737732644365e-07
40000 2000000 3.10928158991074 3.52787908086177e-07 1.5674432318763 1.8729567167737e-07
41000 2050000 3.12680171373843 3.51153670933231e-07 1.57657066599653 1.80916262849195e-07
42000 2100000 3.14440969148244 3.5390417075309e-07 1.58556466641362 1.78202485418474e-07
43000 2150000 3.16261354093773 3.75654266098622e-07 1.59461068392468 1.85903317841978e-07
44000 2200000 3.18154145872807 3.77904732053032e-07 1.60395445892359 1.86583178776763e-07
45000 2250000 3.20040325110242 3.78211619973198e-07 1.61342098901636 1.92537931004717e-07
46000 2300000 3.21952723050998 3.87268200600411e-07 1.62308406600444 1.91368519680095e-07
47000 2350000 3.23905874213616 3.9428492094306e-07 1.63248665611596 1.87613678301714e-07
48000 2400000 3.25928038320917 4.17350847893616e-07 1.64199869828941 1.9336992792781e-07
49000 2450000 3.28048101466498 4.25739835455708e-07 1.65188208227017 2.02746400939391e-07
50000 2500000 3.30162969132456 4.1989557600496e-07 1.66218937451602 2.08723775674022e-07
51000 2550000 3.32247070548724 4.14591094005514e-07 1.67282078428614 2.16195905777362e-07
52000 2600000 3.34313570000553 4.12584374636721e-07 1.68368213798442 2.17373078152664e-07
53000 2650000 3.36367910227874 4.07979874959714e-07 1.694441991276 2.11616923672395e-07
54000 2700000 3.38364770304039 3.88119782233191e-07 1.70479319967177 2.02822493151938e-07
55000 2750000 3.40262570709844 3.74178480715955e-07 1.71481277166701 1.99960959967562e-07
56000 2800000 3.42127004858915 3.7299580413547e-07 1.72483968365204 1.99053846518765e-07
57000 2850000 3.43974189944192 3.62974795897592e-07 1.734712275202 1.97711774579787e-07
58000 2900000 3.45757336717778 3.51049173742125e-07 1.74468017708439 2.00778897074349e-07
59000 2950000 3.47501998991151 3.50006328268209e-07 1.75478721150782 2.0447275420443e-07
60000 3000000 3.49265314381721 3.53178896187215e-07 1.76508468061589 2.04896971844329e-07
61000 3050000 3.51030032612146 3.52771910704484e-07 1.77522840807643 2.01338562626956e-07
62000 3100000 3.52778532290492 3.46550496819201e-07 1.78505869920634 1.90347790651633e-07
63000 3150000 3.54512391829918 3.50303601944696e-07 1.7941662126001 1.74991107592173e-07
64000 3200000 3.56304403263768 3.64463987364194e-07 1.80290716043684 1.78618824820083e-07
65000 3250000 3.58140762390069 3.68429200732585e-07 1.81203938153397 1.82436828882209e-07
66000 3300000 3.59995227055302 3.78354864575054e-07 1.8208990896657 1.74777097169552e-07
67000 3350000 3.61957826350069 4.07012066348488e-07 1.8300288332035 1.94294362951916e-07
68000 3400000 3.64074971673537 4.38244750233408e-07 1.84052949378077 2.25645169876552e-07
69000 3450000 3.66273050769302 4.36008002382178e-07 1.85215651368638 2.33896026828747e-07
70000 3500000 3.68406447815872 4.14974649561292e-07 1.86353172110374 2.18955170159776e-07
71000 3550000 3.70399810927468 3.82838981816407e-07 1.87401058859204 2.0185766237218e-07
72000 3600000 3.72265452327799 3.67088525636153e-07 1.88393520186496 1.96597443921829e-07
73000 3650000 3.74096021650911 3.64658465193023e-07 1.89378443002476 1.97281928691483e-07
74000 3700000 3.75899771227847 3.58047379063124e-07 1.9035089728983 1.91503243915224e-07
75000 3750000 3.77696058473507 3.61424965197212e-07 1.91313237187341 1.94920220551288e-07
76000 3800000 3.795181404225 3.69813687277787e-07 1.92296052426573 1.99442592759065e-07
77000 3850000 3.814339906429 3.97477950539479e-07 1.93338479167738 2.17748033544061e-07
78000 3900000 3.83481502680907 4.20848242253015e-07 1.9446683351824 2.3451174089439e-07
79000 3950000 3.8561671036827 4.27538483450058e-07 1.95670214007429 2.42947943106428e-07
80000 4000000 3.87706826499082 4.10529338302447e-07 1.96868066770685 2.37521079150951e-07
81000 4050000 3.89766590421857 4.15084611875183e-07 1.98055766479186 2.36735692168409e-07
82000 4100000 3.91834665327686 4.09602500541138e-07 1.9921732716009 2.26175941794226e-07
83000 4150000 3.93857286084159 4.00331032092852e-07 2.00298691298972 2.05682561492993e-07
84000 4200000 3.95853184676389 3.99062763120477e-07 2.01286882828036 1.90672210833595e-07
85000 4250000 3.9784251048503 3.9438711711881e-07 2.02236911406619 1.95066157144604e-07
86000 4300000 3.99788239315621 3.83050043536631e-07 2.03246752959773 2.05874870380155e-07
87000 4350000 4.01686120809997 3.79089980023739e-07 2.04285103039297 2.10415730389579e-07
88000 4400000 4.03589989353807 3.81161366531057e-07 2.05346343167106 2.12324693865195e-07
89000 4450000 4.05467350273366 3.6942646721524e-07 2.0639559403334 2.07920574307853e-07
90000 4500000 4.07303498188548 3.66836047289774e-07 2.07435694042779 2.08439095734206e-07
91000 4550000 4.09137813197577 3.66014891913172e-07 2.0846495524482 2.00696308480193e-07
92000 4600000 4.10971579066448 3.68168694887756e-07 2.0944084614962 1.92133106397077e-07
93000 4650000 4.12829347721897 3.73202283314017e-07 2.10409382406356 1.95059461829575e-07
94000 4700000 4.14671593709732 3.62952734296747e-07 2.11382243790459 1.92969535683995e-07
95000 4750000 4.16473332071183 3.60787181935475e-07 2.12331202696685 1.86195275239414e-07
96000 4800000 4.18283238875301 3.6373912186146e-07 2.13239123962131 1.78708541883098e-07
97000 4850000 4.20108320796205 3.65634976575233e-07 2.14153288073802 1.90220436321479e-07
98000 4900000 4.21935153292085 3.62615358038388e-07 2.15144449961886 2.0381945028416e-07
99000 4950000 4.23687565214953 3.38348154191432e-07 2.16145340367883 1.9421529889141e-07
100000 5000000 4.25370162483334 3.39311030001305e-07 2.17102290131951 1.91740778837522e-07
101000 5050000 4.27097522617931 3.49169679356516e-07 2.18080215378893 1.98191576872875e-07
102000 5100000 4.28841881327777 3.47316327689989e-07 2.19075418903931 1.98411314542293e-07
103000 5150000 4.3056195615377 3.39967223655784e-07 2.20055728591682 1.9394365305935e-07
104000 5200000 4.32247040850898 3.34849274473384e-07 2.21017985613935 1.90975135653234e-07
105000 5250000 4.33928600355329 3.41809127597955e-07 2.2197527501614 1.94569929203897e-07
106000 5300000 4.35714763626443 3.74961168814342e-07 2.22978232665097 2.04697954043928e-07
107000 5350000 4.37660023967345 4.02365716070074e-07 2.23993875696302 2.02434459179942e-07
108000 5400000 4.39741161346131 4.26737741673674e-07 2.25000974729964 1.97065464892139e-07
109000 5450000 4.41871479717795 4.21668757640965e-07 2.25959072793854 1.87718077052465e-07
110000 5500000 4.43956816408304 4.11724597136646e-07 2.26886855388167 1.85025276366007e-07
111000 5550000 4.45974805756318 3.94212838881906e-07 2.27823677234338 1.89250958845023e-07
112000 5600000 4.47909858497897 3.83387288840352e-07 2.28771416132387 1.9021125703776e-07
113000 5650000 4.49850231632068 3.96717177121311e-07 2.29758091988919 2.07562774567264e-07
114000 5700000 4.51891438733767 4.16474570890497e-07 2.30835525372224 2.18842758528104e-07
115000 5750000 4.53975938550429 4.15728675658064e-07 2.31906735055365 2.07398701764313e-07
116000 5800000 4.56049379133522 4.13913677797913e-07 2.32928533517529 2.04589978826516e-07
117000 5850000 4.58114010784081 4.13649832673302e-07 2.33936903872591 1.99342297248434e-07
118000 5900000 4.60193675234922 4.1756247990732e-07 2.34947313069831 2.05286360866365e-07
119000 5950000 4.62281379709325 4.16474923415903e-07 2.35993631940722 2.11355512411814e-07
120000 6000000 4.64322253342371 4.0285399714379e-07 2.37017977666299 1.99937232739492e-07
121000 6050000 4.66339671089384 4.02156434858154e-07 2.38013602241928 1.97085888301682e-07
122000 6100000 4.68336716842387 3.96080998855656e-07 2.38988624588401 1.95193277225293e-07
123000 6150000 4.70296694098652 3.9110265996342e-07 2.39964327397814 1.95484345735639e-07
124000 6200000 4.72253693109987 3.89384777346252e-07 2.40958066667613 2.01460758348071e-07
125000 6250000 4.74192861123109 3.84939569229407e-07 2.41961740311627 1.97212758753239e-07
126000 6300000 4.76079142502945 3.6945570686621e-07 2.42924050204474 1.8969177290591e-07
127000 6350000 4.77906712552178 3.64627582656543e-07 2.43889948884278 1.99355420653789e-07
128000 6400000 4.79764287137291 3.78942219521845e-07 2.44930755877441 2.15823275158878e-07
129000 6450000 4.81675645107949 3.85346805929187e-07 2.46019934952084 2.18261428697171e-07
130000 6500000 4.8361670083829 3.90246902600366e-07 2.47108381692654 2.1625822154053e-07
131000 6550000 4.85570657102995 3.91209226346246e-07 2.48180790504405 2.14042026829215e-07
132000 6600000 4.8752559750603 3.87998144041123e-07 2.49258398508299 2.1677854669879e-07
133000 6650000 4.89411349253935 3.64841595061763e-07 2.50329524850985 2.09479015033773e-07
134000 6700000 4.9118150145735 3.45088649846825e-07 2.51354721970554 2.02677014794508e-07
135000 6750000 4.92883088969361 3.39179732398377e-07 2.52375076008093 2.06114962300892e-07
136000 6800000 4.94597347084564 3.46816539998963e-07 2.53404575134777 2.04836137449724e-07
137000 6850000 4.96364748312962 3.60966320155228e-07 2.5443241383123 2.06444690740276e-07
138000 6900000 4.98181020951544 3.642138325365e-07 2.55438211078877 1.94992133668475e-07
139000 6950000 5.00020433434379 3.73016109429808e-07 2.56417008160366 1.99245041566394e-07
140000 7000000 5.01915340254735 3.84660523699438e-07 2.57430628880012 2.04979407023499e-07
141000 7050000 5.03857768248448 3.90852162649665e-07 2.5845804224288 2.05614622657508e-07
142000 7100000 5.05814713759905 3.91125691817311e-07 2.59511177157453 2.16572487195571e-07
143000 7150000 5.07756976739561 3.86213243169587e-07 2.60590159686276 2.11641081102216e-07
144000 7200000 5.09700517536779 3.92894850756183e-07 2.61622584782453 2.03239978516222e-07
145000 7250000 5.11687060006934 4.00796871783766e-07 2.62654745885698 2.12660180067792e-07
146000 7300000 5.13720979078176 4.16754640629666e-07 2.6375679366596 2.28732565478522e-07
147000 7350000 5.15862526361363 4.37166905890709e-07 2.64929424575121 2.37654575311495e-07
148000 7400000 5.18048010577963 4.3091761443494e-07 2.66096258107199 2.26065919072352e-07
149000 7450000 5.2014005228397 4.07503455302244e-07 2.67190992174115 2.1430920470888e-07
150000 7500000 5.22140446673657 3.95841532380726e-07 2.68254014098168 2.12058276609148e-07
151000 7550000 5.24143712915711 4.08730136627921e-07 2.69332930563122 2.21412581465281e-07
152000 7600000 5.26228213685586 4.22326737250182e-07 2.70462816958931 2.27953622376291e-07
153000 7650000 5.28329520437884 4.14504188042576e-07 2.71587686444034 2.20413943885164e-07
154000 7700000 5.30354751503397 3.97463364405078e-07 2.72658721427007 2.08178662948975e-07
155000 7750000 5.32331706290979 3.93797922910562e-07 2.73675288243126 1.99330209741932e-07
156000 7800000 5.34295357873228 3.91781440282565e-07 2.74676586983344 2.04271727096703e-07
157000 7850000 5.36245190721248 3.90185451904146e-07 2.75721020848699 2.13064686050976e-07
158000 7900000 5.38224153355145 4.01446960073319e-07 2.76818797699225 2.26023133921278e-07
159000 7950000 5.40239269676105 4.00168431822261e-07 2.77949474244184 2.20952750647717e-07
160000 8000000 5.42186911117819 3.78276332029346e-07 2.78990071337294 1.94937565959419e-07
161000 8050000 5.44033969746602 3.64966739545644e-07 2.79909023081908 1.75820747733248e-07
162000 8100000 5.45880237175721 3.7575945168373e-07 2.80790449579966 1.8131876810608e-07
163000 8150000 5.47811029320928 3.97329953789477e-07 2.8175362835627 2.03437324278085e-07
164000 8200000 5.49826445425664 4.06219226832676e-07 2.82799950238566 2.13393046645766e-07
165000 8250000 5.51871326987432 4.09806887807033e-07 2.83880830329389 2.15995106026041e-07
166000 8300000 5.538901527337 3.9704424085494e-07 2.8493465267093 2.06777957858834e-07
167000 8350000 5.55843412460985 3.84430217308532e-07 2.85952031792481 1.99578087812517e-07
168000 8400000 5.5772716254871 3.65913967162346e-07 2.86935885445769 1.93340565668304e-07
169000 8450000 5.5950032708394 3.47256981846572e-07 2.87877064021335 1.84462241862022e-07
170000 8500000 5.6123785540941 3.46659785610434e-07 2.88803469227781 1.85632300176661e-07
171000 8550000 5.62939804642539 3.36272801989655e-07 2.89707636057057 1.76692715009874e-07
172000 8600000 5.64641912229548 3.45374423300159e-07 2.90589986028226 1.76219726307579e-07
173000 8650000 5.66379979627502 3.52029360437441e-07 2.91476058819162 1.81048557427744e-07
174000 8700000 5.68161687221682 3.54459040674314e-07 2.92404049710288 1.87296781170702e-07
175000 8750000 5.69882791843775 3.34399494689135e-07 2.93322051595241 1.78454061345026e-07
176000 8800000 5.71539801295428 3.31253144311838e-07 2.94201880702523 1.75631765510111e-07
177000 8850000 5.73202748853379 3.33346332088887e-07 2.95080952526912 1.74882394359858e-07
178000 8900000 5.74893328904246 3.46883120605863e-07 2.95955927942442 1.77435832156009e-07
179000 8950000 5.7667813846056 3.64669118414625e-07 2.96890532043526 1.97515241242608e-07
180000 9000000 5.78496864609501 3.58628004841782e-07 2.97894351132004 2.00386876495604e-07
181000 9050000 5.8027202568176 3.53661958712863e-07 2.98904513925331 2.04655414002882e-07
182000 9100000 5.82051015502965 3.6064911038623e-07 2.99940010794483 2.0999333856143e-07
183000 9150000 5.83888895916396 3.7338251132028e-07 3.00992562442085 2.09371206227214e-07
184000 9200000 5.85734895706399 3.58048693223823e-07 3.02014662068395 1.96616441626106e-07
185000 9250000 5.8745483338916 3.33425992936879e-07 3.02949021456638 1.78324425636702e-07
186000 9300000 5.89105595371446 3.29686084449887e-07 3.0381312841562 1.69360631105875e-07
187000 9350000 5.90772535884901 3.38376053037795e-07 3.04674303461765 1.77649584372696e-07
188000 9400000 5.92485700007599 3.46131609071427e-07 3.055875861084 1.86514819006637e-07
189000 9450000 5.94213628909354 3.40285112855718e-07 3.06529870888407 1.87656572552103e-07
190000 9500000 5.95868772731644 3.23181011059643e-07 3.07443008818622 1.78614586351852e-07
191000 9550000 5.97483993961476 3.27336527138724e-07 3.08347225542613 1.85934171828758e-07
192000 9600000 5.99168441481195 3.45985217350055e-07 3.0930977138286 1.97850933684527e-07
193000 9650000 6.00904759467392 3.45823762754838e-07 3.10305281392532 1.99140635789765e-07
194000 9700000 6.02647071276668 3.53767093662706e-07 3.1130989556355 2.04809405832967e-07
195000 9750000 6.04437525166112 3.57702162150866e-07 3.12347892762307 2.06624467909516e-07
196000 9800000 6.06222964929403 3.58300760207076e-07 3.13364520892494 1.99201333405647e-07
197000 9850000 6.08024752933132 3.64698806641359e-07 3.14342515326234 1.9592283755116e-07
198000 9900000 6.09886788022696 3.7847101973061e-07 3.15352241658479 2.07135747566138e-07
199000 9950000 6.1177796009193 3.75887003816057e-07 3.16371124370273 1.97579581810641e-07
200000 10000000 6.13645761561254 3.74551409527332e-07 3.17351012841072 1.99113867923142e-07
201000 10050000 6.15543832875512 3.81221210065247e-07 3.18367909022162 2.04419313895353e-07
202000 10100000 6.17442781343978 3.80723450813827e-07 3.19387513834551 2.03949699913721e-07
203000 10150000 6.19360871929741 3.86414264308202e-07 3.20400020418187 1.99213069073219e-07
204000 10200000 6.21314085058438 3.92861546346578e-07 3.21386134219232 1.96583121235575e-07
205000 10250000 6.23275822272898 3.93418565111892e-07 3.22362172833789 1.93124548480287e-07
206000 10300000 6.25249360913031 3.95766242867842e-07 3.23328070019447 1.9422632912557e-07
207000 10350000 6.27242330233185 4.04984560342456e-07 3.24322618401169 2.06056254202662e-07
208000 10400000 6.29321834833215 4.22923707158262e-07 3.25375709462104 2.12989467893314e-07
209000 10450000 6.31436357488704 4.24521312033378e-07 3.26469179772974 2.26811838075508e-07
210000 10500000 6.33577671009849 4.29472749801288e-07 3.27631434562824 2.33959862520998e-07
211000 10550000 6.35724797455768 4.32672927740627e-07 3.28795599895483 2.32788388338048e-07
212000 10600000 6.37909583339423 4.38933530345729e-07 3.29952272297441 2.28878624902561e-07
213000 10650000 6.40077972536323 4.23847088685009e-07 3.3106541932697 2.14042185571155e-07
214000 10700000 6.42129563950127 3.99673144256788e-07 3.32118053543551 2.10179446871378e-07
215000 10750000 6.44129303441436 4.04534312795058e-07 3.33188081067986 2.18643094673482e-07
216000 10800000 6.46181364171674 4.15983335925325e-07 3.3429934011024 2.2533806961342e-07
217000 10850000 6.48293282756896 4.27994813261735e-07 3.35438326962216 2.29414237126265e-07
218000 10900000 6.50422398712613 4.19804145878762e-07 3.36575735996282 2.24964134784205e-07
219000 10950000 6.52466217011122 3.97152964969206e-07 3.37684382968305 2.1743450983749e-07
220000 11000000 6.54418548692388 3.86431649082014e-07 3.38753730455751 2.1121849857024e-07
221000 11050000 6.56335548843935 3.80349783827248e-07 3.39806068338679 2.11220449222378e-07
222000 11100000 6.58236003401775 3.80099432094265e-07 3.4087709569936 2.16453802076676e-07
223000 11150000 6.60121710745225 3.7379524549804e-07 3.41950949258049 2.1228623637992e-07
224000 11200000 6.61975561997545 3.69038458709928e-07 3.43008453700652 2.12641930012895e-07
225000 11250000 6.63823678211081 3.70875964857494e-07 3.44077949568026 2.1467379776649e-07
226000 11300000 6.65691736049472 3.76089917384155e-07 3.45147583690843 2.11341470414587e-07
227000 11350000 6.67585374795075 3.80572919191382e-07 3.46190500501876 2.05924877061901e-07
228000 11400000 6.69500737723611 3.83459413749544e-07 3.47214280435857 2.05726982353277e-07
229000 11450000 6.71381773174194 3.70308780541504e-07 3.48248830567726 2.05578795490596e-07
230000 11500000 6.7322090087626 3.65579140175396e-07 3.4927121513152 2.02766685492577e-07
231000 11550000 6.75033814227336 3.60613949509218e-07 3.50261669749721 1.94065584229042e-07
232000 11600000 6.76845982942521 3.65290160374597e-07 3.5123456218826 1.9622019211929e-07
233000 11650000 6.78702158956461 3.7900096534892e-07 3.52232798258301 2.0376106417398e-07
234000 11700000 6.80619656778599 3.83566704980259e-07 3.5324433409371 1.95938473627194e-07
235000 11750000 6.8253472111776 3.8562002959898e-07 3.54178015783357 1.80359113559238e-07
236000 11800000 6.84474336901452 3.86120587254832e-07 3.55072989697064 1.76105432975777e-07
237000 11850000 6.86394301089664 3.85284448034609e-07 3.55934415171509 1.69592158902393e-07
238000 11900000 6.88349121020287 3.97116053594206e-07 3.56790585839992 1.7701212932037e-07
239000 11950000 6.90357062132517 4.03925655311264e-07 3.57711938032931 1.89207022522993e-07
240000 12000000 6.92372862727764 4.00260383132017e-07 3.58675944722066 1.95191335374067e-07
241000 12050000 6.94348815175762 3.92327337228168e-07 3.59647135814566 1.94016448947559e-07
242000 12100000 6.96346607838988 4.09784949055222e-07 3.60626657482517 1.9838013952292e-07
243000 12150000 6.98440486927914 4.28535229188619e-07 3.61634615534734 2.06038131541208e-07
244000 12200000 7.00644445564272 4.50567995676742e-07 3.62708464093901 2.22909177271482e-07
245000 12250000 7.02924524389211 4.58531284644632e-07 3.63854302931339 2.32343981604574e-07
246000 12300000 7.05204345517715 4.49305860046992e-07 3.64974784046971 2.13555699053416e-07
247000 12350000 7.07362665091539 4.15486276373443e-07 3.66018609027257 2.07686296632631e-07
248000 12400000 7.09395125885522 4.01162639116543e-07 3.67063892948629 2.1128798824378e-07
249000 12450000 7.1139662523233 3.99791456424523e-07 3.68131471469846 2.16011161530173e-07
250000 12500000 7.133997448547 4.02664407054787e-07 3.69225512582537 2.2061399303144e-07
251000 12550000 7.15431042958103 4.11133560940515e-07 3.70335232401143 2.2453137144651e-07
252000 12600000 7.17512725155121 4.19202949057279e-07 3.71476531273587 2.30643229630887e-07
253000 12650000 7.19605223048445 4.15547942417309e-07 3.7262021226822 2.24900211440452e-07
254000 12700000 7.21639690333141 3.9789963041687e-07 3.73709338431678 2.09795505045823e-07
255000 12750000 7.23596795360317 3.84764409299755e-07 3.74725289695604 1.97709188084312e-07
256000 12800000 7.25497542499367 3.79024466257685e-07 3.75710361843157 1.98324871387986e-07
257000 12850000 7.27408716030385 3.856543347498e-07 3.76710065131733 2.01956487629141e-07
258000 12900000 7.29317723153257 3.74866389349177e-07 3.77736372425215 2.09693251236399e-07
259000 12950000 7.31177411238269 3.70334911444156e-07 3.78818131605279 2.2191412703842e-07
260000 13000000 7.33004124750987 3.60665725517259e-07 3.79924452808571 2.19272053487863e-07
261000 13050000 7.34795424208013 3.57423830372435e-07 3.81015002970213 2.17862074562117e-07
262000 13100000 7.36616852624562 3.75079560103885e-07 3.82112755950833 2.22317591871954e-07
263000 13150000 7.38533880000167 3.88846140195989e-07 3.83242910611548 2.28920516187919e-07
264000 13200000 7.40494365130446 3.95938455541259e-07 3.84380665614345 2.2496382567295e-07
265000 13250000 7.42500157314366 4.02806921487578e-07 3.85482965054753 2.14692992067549e-07
266000 13300000 7.44506153735728 4.03082854914133e-07 3.86554899283902 2.1714966004302e-07
267000 13350000 7.46550564938776 4.14159450134675e-07 3.87650373722747 2.18559717959172e-07
268000 13400000 7.48612968993005 4.06770341416986e-07 3.88725081011641 2.10451121355375e-07
269000 13450000 7.50599240889816 3.88387349138347e-07 3.89740500934069 1.94462469006981e-07
270000 13500000 7.52523721504625 3.85043952126194e-07 3.90681120606357 1.84733452472531e-07
271000 13550000 7.5448558926692 4.0282446002545e-07 3.91632931033331 1.98848593017025e-07
272000 13600000 7.56553737318779 4.22129066957457e-07 3.92667705851464 2.13671621117912e-07
273000 13650000 7.58673354649442 4.23476082381457e-07 3.93747220304846 2.16287330256206e-07
274000 13700000 7.60765190975997 4.12833795469122e-07 3.94822614576212 2.14647293551676e-07
275000 13750000 7.62836537220244 4.18487014737585e-07 3.95906579987479 2.19696378575376e-07
276000 13800000 7.64924817046318 4.15652172155631e-07 3.97013160998505 2.22026031344959e-07
277000 13850000 7.6701064234586 4.17265388870773e-07 3.98129215590131 2.2280041330744e-07
278000 13900000 7.69071090649557 4.09140004924231e-07 3.99226902121482 2.17428280362168e-07
279000 13950000 7.71121174549789 4.08104641630959e-07 4.00318439234157 2.20950758655776e-07
280000 14000000 7.73108653515802 3.87668545262511e-07 4.01442126228849 2.28102058423183e-07
281000 14050000 7.75017525517586 3.76755041335021e-07 4.02588676901937 2.28656393713881e-07
282000 14100000 7.76907129730674 3.80749685212665e-07 4.03732186315403 2.29148785011822e-07
283000 14150000 7.78810693550552 3.81823363637474e-07 4.04864125945807 2.23363794310427e-07
284000 14200000 7.80737773229031 3.89039758362891e-07 4.05971126730236 2.20188336906005e-07
285000 14250000 7.82696765139994 3.91185678765805e-07 4.07065515293348 2.14650419713109e-07
286000 14300000 7.84607805443526 3.71571142770713e-07 4.08095112207048 1.96790582853434e-07
287000 14350000 7.8644654683401 3.69531244186266e-07 4.0904388302739 1.85245894775563e-07
288000 14400000 7.88315101508228 3.77140113144808e-07 4.09971975240393 1.86376999720974e-07
289000 14450000 7.90224590029822 3.88520647429537e-07 4.10904362762826 1.87534199754751e-07
290000 14500000 7.92206260963884 4.01446776006321e-07 4.11856640305813 1.93671498179413e-07
291000 14550000 7.94218387940462 4.0451018457762e-07 4.12841085475447 1.98912618471777e-07
292000 14600000 7.9623493902421 3.98564673622496e-07 4.13825609048248 1.93821074406296e-07
293000 14650000 7.98198369362883 3.89686676088563e-07 4.14769134429842 1.83744317308792e-07
294000 14700000 8.00147571011471 3.91426436308432e-07 4.15682910360704 1.8487002578618e-07
295000 14750000 8.02100322979277 3.86846374593528e-07 4.16649720754112 2.01905926069284e-07
296000 14800000 8.04041933691614 3.92326868034796e-07 4.17693543866106 2.1618151251944e-07
297000 14850000 8.05998347371975 3.90530014960329e-07 4.18800977491664 2.25224008533072e-07
298000 14900000 8.0795680792964 3.95275875783974e-07 4.19940481903985 2.31776441720153e-07
299000 14950000 8.09957351582078 4.02497874802765e-07 4.21115029208342 2.36602985217824e-07
300000 15000000 8.11969626452367 4.04496472330634e-07 4.22310235206123 2.42221723943583e-07
301000 15050000 8.14017587857921 4.12787658895668e-07 4.23538548415563 2.48897784053161e-07
302000 15100000 8.16081965936688 4.12621321850609e-07 4.24785649774485 2.48417435404425e-07
303000 15150000 8.18115722323509 3.97820435778707e-07 4.25996590185028 2.34220829145316e-07
304000 15200000 8.20056373085695 3.77399314362968e-07 4.27123990571875 2.15766781043496e-07
305000 15250000 8.21892951535457 3.6136295578425e-07 4.28160720083917 2.02026421796238e-07
306000 15300000 8.23716137810517 3.70116697832725e-07 4.29168682300747 2.02033318431818e-07
307000 15350000 8.25603721888622 3.8312031049777e-07 4.3018952971717 2.05150015836763e-07
308000 15400000 8.27518886103635 3.82013045493444e-07 4.31205674191452 2.00517288094282e-07
309000 15450000 8.29438714224458 3.86210798788773e-07 4.32203871809379 2.01706692788236e-07
310000 15500000 8.31402472817555 4.01698763321095e-07 4.33247885056986 2.16568135274999e-07
311000 15550000 8.33458794218046 4.20419471140626e-07 4.34372424854676 2.32678216524684e-07
312000 15600000 8.35597698970136 4.35843953925373e-07 4.3555427894431 2.3943946504519e-07
313000 15650000 8.37809369686158 4.44286772659018e-07 4.36769835932872 2.44113983309187e-07
314000 15700000 8.40021021007674 4.4087723610027e-07 4.37981504766543 2.41129025183454e-07
315000 15750000 8.42214436121658 4.35497995117274e-07 4.39172429788214 2.35488944995125e-07
316000 15800000 8.44388547209862 4.34831090947473e-07 4.40363072141904 2.4196989293703e-07
317000 15850000 8.46556277232038 4.31108856196757e-07 4.41591158275948 2.48726273401983e-07
318000 15900000 8.48697078244597 4.27042732309107e-07 4.42845102279239 2.53264066865857e-07
319000 15950000 8.50831578123109 4.26266794394242e-07 4.44106934057251 2.48467343461328e-07
320000 16000000 8.52955164834517 4.2313531543606e-07 4.45307634444914 2.32357432916175e-07
321000 16050000 8.55060030605591 4.17592496234291e-07 4.46458190346902 2.279535388902e-07
322000 16100000 8.57123843557139 4.07517131114415e-07 4.47581366690534 2.22597049297712e-07
323000 16150000 8.59135851485856 3.98465983304605e-07 4.48699426562268 2.25850467585423e-07
324000 16200000 8.61137229245836 4.04071269242232e-07 4.49843060199103 2.30233385575609e-07
325000 16250000 8.63155103270969 4.00050437477875e-07 4.50973927285007 2.20968102395924e-07
326000 16300000 8.65115950851692 3.83275979369411e-07 4.52058691550848 2.13558773992528e-07
327000 16350000 8.66986049159986 3.64926010352067e-07 4.53101929443218 2.02687452396624e-07
328000 16400000 8.6877650391504 3.53243796565135e-07 4.54098793670539 1.98518525655872e-07
329000 16450000 8.70541280884526 3.55669729482687e-07 4.55094948168915 2.00700684055058e-07
330000 16500000 8.72342700490205 3.64046889519416e-07 4.56108962336143 2.05245163570108e-07
331000 16550000 8.74182862039188 3.72199736420964e-07 4.57158783241787 2.15032643428117e-07
332000 16600000 8.76061223605732 3.7992008733879e-07 4.58250963121708 2.21370161959149e-07
333000 16650000 8.77976696741901 3.82630818975743e-07 4.59356154060867 2.17462832070592e-07
334000 16700000 8.79850986585554 3.69432870319139e-07 4.60405686860579 2.02714046558292e-07
335000 16750000 8.81726097638851 3.82127181838421e-07 4.61398349859846 1.95439986247996e-07
336000 16800000 8.83657409797594 3.90088558802861e-07 4.6238323864643 1.99785737129361e-07
337000 16850000 8.8562245265914 3.96348660464476e-07 4.63400302621854 2.07572065947168e-07
338000 16900000 8.87620522066091 4.00338653892766e-07 4.64458648106938 2.15261201249658e-07
339000 16950000 8.8961695277736 3.99077694290527e-07 4.65545771669714 2.20277288964592e-07
340000 17000000 8.91615340437924 3.99167926913294e-07 4.66665782751527 2.2657235332077e-07
341000 17050000 8.93604680088125 3.96287087642843e-07 4.67807037450948 2.286824697015e-07
342000 17100000 8.95580762401997 3.93022636430611e-07 4.68933933571605 2.22644666956889e-07
343000 17150000 8.97514683101085 3.80155453320059e-07 4.70055887881258 2.2754743432762e-07
344000 17200000 8.99371156611198 3.62523694121327e-07 4.71176798800119 2.17358816447596e-07
345000 17250000 9.01173719149542 3.60800400717259e-07 4.72234907158755 2.06599196936292e-07
346000 17300000 9.02983960030078 3.62654877615683e-07 4.73249794415259 2.01413300413317e-07
347000 17350000 9.04785823960642 3.58222761903996e-07 4.74259710440578 2.01844997935832e-07
348000 17400000 9.06578043379931 3.60682295304589e-07 4.75267366351618 2.02978050979695e-07
349000 17450000 9.0839338031419 3.64409994574813e-07 4.76289123786933 2.0388256555363e-07
350000 17500000 9.1023114573292 3.71366292245075e-07 4.77296471226489 1.98848593469741e-07
351000 17550000 9.1208426420853 3.67743337776524e-07 4.78290972203043 2.00987412473074e-07
352000 17600000 9.13920863733366 3.69374549794816e-07 4.79303568447604 2.04534009511611e-07
353000 17650000 9.15797142223054 3.79840953058749e-07 4.80355761525035 2.17360092764107e-07
354000 17700000 9.17694912968332 3.76687842352375e-07 4.81471655156953 2.263471739729e-07
355000 17750000 9.19565162290654 3.72364175238184e-07 4.82615492322735 2.32467871563076e-07
356000 17800000 9.21426510222027 3.72720069824462e-07 4.83766466137752 2.2341039998352e-07
357000 17850000 9.2330092834082 3.79120935079319e-07 4.84837769694073 2.05098241238881e-07
358000 17900000 9.25202254831858 3.78389124632687e-07 4.8582691436635 1.92193142772379e-07
359000 17950000 9.27084942623351 3.78037787586656e-07 4.86777807083087 1.92243561797382e-07
360000 18000000 9.29019160737595 3.96698057481594e-07 4.87774405233469 2.05380660511786e-07
361000 18050000 9.31053255745016 4.13846538368305e-07 4.88818683570753 2.11814292742947e-07
362000 18100000 9.33129981054619 4.1604451072638e-07 4.8989690621479 2.20654179817088e-07
363000 18150000 9.3520492817476 4.14356087398073e-07 4.91029514130631 2.32249601536244e-07
364000 18200000 9.37266072645345 4.0799620460123e-07 4.92203023656794 2.3390094373475e-07
365000 18250000 9.39284958577315 3.98641578258381e-07 4.93353218838624 2.25167957222753e-07
366000 18300000 9.41231705133404 3.79505491288933e-07 4.94442596160294 2.10158473888682e-07
367000 18350000 9.43095891882612 3.68485436126084e-07 4.95469544457708 2.02365069164189e-07
368000 18400000 9.44913078004419 3.57163287994531e-07 4.9646603862135 1.95803099350801e-07
369000 18450000 9.46675076239673 3.49440319572746e-07 4.97429095847323 1.9083415541983e-07
370000 18500000 9.48421168747307 3.50509802067031e-07 4.98398619052721 1.99252532551992e-07
371000 18550000 9.50197438147274 3.61749109755696e-07 4.99433381684992 2.14933650011611e-07
372000 18600000 9.52055036486022 3.82345964854039e-07 5.0053785497982 2.25526587988485e-07
373000 18650000 9.53996652980294 3.90796288769358e-07 5.01675152537172 2.27769297642239e-07
374000 18700000 9.55947667863605 3.91385134663469e-07 5.02797983867064 2.22468614566694e-07
375000 18750000 9.57932028510709 3.97798552786093e-07 5.03920120480182 2.24082507383985e-07
376000 18800000 9.59878160518526 3.82306315901459e-07 5.05013699619613 2.14900677962428e-07
377000 18850000 9.61788073778336 3.84130139439396e-07 5.0609003452427 2.16583142119709e-07
378000 18900000 9.63723969359878 3.89118702131149e-07 5.07182586566034 2.20762716883878e-07
379000 18950000 9.65662457614632 3.85567615637347e-07 5.08291424118587 2.21365570825128e-07
380000 19000000 9.67580934201607 3.81263645801825e-07 5.09387894532467 2.17047887388137e-07
381000 19050000 9.69476762244831 3.7758943805156e-07 5.10468499918727 2.14299685732889e-07
382000 19100000 9.71368493391462 3.81437141222768e-07 5.11519188631198 2.07772036144232e-07
383000 19150000 9.73312368656648 3.96505703356915e-07 5.12585187272359 2.21680895938599e-07
384000 19200000 9.75317598900692 4.04393357296882e-07 5.13740556222558 2.39366006706785e-07
385000 19250000 9.7732482610456 3.94422475743435e-07 5.14950057204866 2.39505474533047e-07
386000 19300000 9.79258659027546 3.80899493538042e-07 5.16119905099981 2.27898261004028e-07
387000 19350000 9.81160995342547 3.8099686441013e-07 5.17220973882422 2.12786311189045e-07
388000 19400000 9.83071075293025 3.83033216434037e-07 5.18263399648725 2.04517022929224e-07
389000 19450000 9.84983238776827 3.83836827663799e-07 5.19254782458086 1.92979751580593e-07
390000 19500000 9.86916935735514 3.86614652073337e-07 5.2020364466592 1.86789833453395e-07
391000 19550000 9.88842919530462 3.85547889440299e-07 5.21128527824395 1.85437347125907e-07
392000 19600000 9.90791213917219 3.95559112676261e-07 5.22088980736591 2.00012180882866e-07
393000 19650000 9.92809043779586 4.11834022088697e-07 5.23133058589763 2.16600946607896e-07
394000 19700000 9.94880745348818 4.13019844017041e-07 5.24227303965167 2.1839847724055e-07
395000 19750000 9.96949527637381 4.17268474028626e-07 5.25327678224359 2.24844193052639e-07
396000 19800000 9.99075630768669 4.32118046820157e-07 5.26479735867181 2.32297017999297e-07
397000 19850000 10.0123904886885 4.31912223836294e-07 5.27617628702127 2.23687159789471e-07
398000 19900000 10.0339921818304 4.31632339066341e-07 5.28734805636757 2.24196701936321e-07
399000 19950000 10.0553473348646 4.2027673627045e-07 5.29857730360625 2.23706649580753e-07
400000 20000000 10.0758023369374 3.96504492951376e-07 5.30950813006224 2.11385574895828e-07
